tables/LVG_not_HEC_join.ecsv
# %ECSV 1.0
# ---
# datatype:
# -
#   name: Name
#   datatype: string
#   description: Galaxy name
# -
#   name: Ra
#   datatype: float64
#   unit: deg
#   description: Right Ascension
# -
#   name: Dec
#   datatype: float64
#   unit: deg
#   description: Declination
# -
#   name: a26_2
#   datatype: float64
#   unit: arcmin
#   description: Major angular diameter (1)
# -
#   name: b/a
#   datatype: float64
#   description: Apparent axial ratio (1)
# -
#   name: AB
#   datatype: float64
#   unit: mag
#   description: Galactic extinction in B band (2)
# -
#   name: Kmag
#   datatype: float64
#   unit: mag
#   description: 2MASS K_S_ band magnitude (6)
# -
#   name: f_Kmag
#   datatype: string
#   description: '[*] Flag on Kmag (7)'
# -
#   name: W50
#   datatype: int64
#   unit: km / s
#   description: H I line with at 50% level from maximum (9)
# -
#   name: TType
#   datatype: int64
#   description: Morphology type code (10)
# -
#   name: Tdw1
#   datatype: string
#   description: Dwarf galaxy morphology (11)
# -
#   name: Tdw2
#   datatype: string
#   description: Dwarf galaxy surface brightness morphology (12)
# -
#   name: RVel
#   datatype: int64
#   unit: km / s
#   description: Heliocentric radial velocity (13)
# -
#   name: Dis
#   datatype: float64
#   unit: Mpc
#   description: Distance
# -
#   name: f_Dis
#   datatype: string
#   description: Method flag used to obtain Dis (14)
# -
#   name: A26_2a
#   datatype: float64
#   unit: kpc
#   description: Major linear diameter (1)
# -
#   name: inc
#   datatype: int64
#   unit: deg
#   description: Inclination
# -
#   name: Vm
#   datatype: int64
#   unit: km / s
#   description: Amplitude of rotational velocity (2)
# -
#   name: AB_int
#   datatype: float64
#   unit: mag
#   description: Internal B band extinction (3)
# -
#   name: SBB
#   datatype: float64
#   unit: mag / arcsec2
#   description: Average B band surface brightness (5)
# -
#   name: logKLum
#   datatype: float64
#   description: Log K_S_ band luminosity (6)
# -
#   name: logM26
#   datatype: float64
#   description: Log mass within Holmberg radius (7)
# -
#   name: l_logMHI
#   datatype: string
#   description: Limit flag on logMHI
# -
#   name: logMHI
#   datatype: float64
#   description: Log hydrogen mass (8)
# -
#   name: VLG
#   datatype: int64
#   unit: km / s
#   description: Radial velocity (9)
# -
#   name: Theta1
#   datatype: float64
#   description: Tidal index (10)
# -
#   name: MD
#   datatype: string
#   description: Main disturber name (11)
# -
#   name: Theta5
#   datatype: float64
#   description: Another tidal index (12)
# -
#   name: Thetaj
#   datatype: float64
#   description: Log K band luminosity density (13)
# -
#   name: l_mag_B
#   datatype: string
#   description: Limit flag on mag
# -
#   name: mag_B
#   datatype: float64
#   unit: mag
#   description: Apparent magnitude in Filter (1)
# -
#   name: e_mag_B
#   datatype: float64
#   unit: mag
#   description: Error in mag (2)
# -
#   name: l_mag_FUV
#   datatype: string
#   description: Limit flag on mag
# -
#   name: mag_FUV
#   datatype: float64
#   unit: mag
#   description: Apparent magnitude in Filter (1)
# -
#   name: e_mag_FUV
#   datatype: float64
#   unit: mag
#   description: Error in mag (2)
# -
#   name: l_mag_HI
#   datatype: string
[...]
# -
#   name: M26
#   datatype: float64
#   unit: solMass
#   description: Linear mass within Holmberg radius
# -
#   name: MHI
#   datatype: float64
#   unit: solMass
#   description: Linear hydrogen mass
# -
#   name: SFRHa
#   datatype: float64
#   unit: solMass / yr
#   description: 'Linear Star Formation Rate (H?)'
# -
#   name: SFRFUV
#   datatype: float64
#   unit: solMass / yr
#   description: Linear Star Formation Rate (FUV)
# -
#   name: SFR_UNGC
#   datatype: float64
#   unit: solMass / yr
#   description: 'Average Star Formation Rate, from the Ha and FUV'
# -
#   name: logSFR_UNGC
#   datatype: float64
#   description: 'Log Average Star Formation Rate, from the Ha and FUV'
# -
#   name: SFR_UNGC_Gyr
#   datatype: float64
#   unit: solMass / Gyr
#   description: 'Average Star Formation Rate, from the Ha and FUV, in Gyr'
# -
#   name: logSFR_UNGC_Gyr
#   datatype: float64
#   description: 'Log Average Star Formation Rate, from the Ha and FUV, in Gyr'
# -
#   name: StellarMass
#   datatype: float64
#   unit: solMass
#   description: Stellar Mass (M*/K luminosity)
# -
#   name: logStellarMass
#   datatype: float64
#   description: Log Stellar Mass (M*/K luminosity)
Name Ra Dec a26_2 b/a AB Kmag f_Kmag W50 TType Tdw1 Tdw2 RVel Dis f_Dis A26_2a inc Vm AB_int SBB logKLum logM26 l_logMHI logMHI VLG Theta1 MD Theta5 Thetaj l_mag_B mag_B e_mag_B l_mag_FUV mag_FUV e_mag_FUV l_mag_HI mag_HI e_mag_HI l_mag_Ha mag_Ha e_mag_Ha cz e_cz e_W50 r_W50 DM e_DM BMag l_SFRHa logSFRHa l_PHa PHa l_FHa FHa l_SFRFUV logSFRFUV l_PFUV PFUV l_FFUV FFUV KLum M26 MHI SFRHa SFRFUV SFR_UNGC logSFR_UNGC SFR_UNGC_Gyr logSFR_UNGC_Gyr StellarMass logStellarMass
[from data line 109]
dw0846+3300 131.55916666666667 32.996944444444445 0.73 0.9 0.11 14.6 * "" -2 Sph L "" 9.82 mem 2.14 30 "" 0.0 26.7 7.47 nan "" nan "" 1.7 NGC2683 1.7 1.56 "" 18.77 nan "" nan nan "" nan nan "" nan nan "" "" "" "" 29.96 nan nan "" nan "" nan "" nan "" nan "" nan "" nan 2.9512092266663842E7 nan nan nan nan nan nan 0.0 nan 1.7707255359998304E7 7.248151250383644
dw0846+3348 131.63 33.81111111111111 0.77 0.9 0.1 14.6 * "" -2 Sph L "" 9.82 mem 2.25 30 "" 0.0 26.8 7.45 nan "" nan "" 1.8 NGC2683 1.8 1.56 "" 18.81 nan "" nan nan "" nan nan "" nan nan "" "" "" "" 29.96 nan nan "" nan "" nan "" nan "" nan "" nan "" nan 2.818382931264455E7 nan nan nan nan nan nan 0.0 nan 1.6910297587586727E7 7.228151250383644
"Columbia I" 82.85708333333332 -27.9575 3.9 0.7 0.09 13.6 * "" -2 Sph X "" 0.18 HB 0.21 54 "" 0.0 29.3 4.39 nan < 4.06 "" 1.8 "Milky Way" 1.9 1.75 "" 17.8 nan "" nan nan > 17.0 nan "" nan nan "" "" "" "" 21.31 0.11 nan "" nan "" nan "" nan "" nan "" nan "" nan 24547.089156850285 nan 11481.536214968817 nan nan nan nan 0.0 nan 14728.253494110171 4.1681512503836435
dw0848+3226 132.16583333333332 32.443888888888885 0.26 0.95 0.1 16.3 * "" -2 Sph L "" 7.3 SBF 0.57 21 "" 0.0 26.1 6.54 nan "" nan "" -1.4 NGC2683 -0.9 nan "" 20.46 nan "" nan nan "" nan nan "" nan nan "" "" "" "" 29.32 nan nan "" nan "" nan "" nan "" nan "" nan "" nan 3467368.504525317 nan nan nan nan nan nan 0.0 nan 2080421.10271519 6.318151250383644
"Coma P" 188.04291666666663 20.423333333333336 1.02 0.31 0.13 15.5 * 28 10 Ir L 1348 10.9 TRGB 3.17 90 7 0.0 26.5 7.18 7.25 "" 8.13 1282 0.2 IC3436 0.5 1.41 "" 18.0 nan "" 19.36 nan "" 15.68 0.01 "" nan nan 1348 1 2 2018ApJ...861...49H 30.19 0.19 -12.32 "" nan "" nan "" nan "" -2.79 "" 0.17 "" 1.06 1.5135612484362071E7 1.7782794100389227E7 1.348962882591656E8 nan 0.0016218100973589297 0.0016218100973589297 -2.79 1621810.0973589295 6.21 9081367.490617242 6.958151250383644
dw0855+3336 133.79416666666665 33.615 0.35 0.69 0.11 14.9 * "" -2 Sph L "" 8.72 SBF 0.9 55 "" 0.0 25.4 7.24 nan "" nan "" -0.3 NGC2683 -0.2 -0.96 "" 19.1 nan "" nan nan "" nan nan "" nan nan "" "" "" "" 29.7 nan nan "" nan "" nan "" nan "" nan "" nan "" nan 1.737800828749376E7 nan nan nan nan nan nan 0.0 nan 1.0426804972496256E7 7.018151250383644
dw0856+3155 134.10791666666665 31.916944444444447 0.27 0.74 0.1 15.2 * "" -2 Sph L "" 9.11 SBF 0.73 50 "" 0.0 25.1 7.17 nan "" nan "" 0.2 NGC2683 0.2 1.56 "" 19.36 nan "" nan nan "" nan nan "" nan nan "" "" "" "" 29.8 nan nan "" nan "" nan "" nan "" nan "" nan "" nan 1.4791083881682072E7 nan nan nan nan nan nan 0.0 nan 8874650.329009242 6.948151250383644
Crater 174.0658333333333 -10.877777777777778 1.08 0.92 0.09 11.8 * 5 -3 dE N 148 0.17 CMD 0.05 28 5 0.0 24.8 5.05 5.27 < 4.11 -80 1.9 "Milky Way" 1.9 1.73 "" 16.0 0.2 > 23.0 nan > 16.7 nan "" nan nan 148 1 4 2016MNRAS.460.3384V 21.15 0.12 -5.24 "" nan "" nan "" nan < -7.89 < -2.8 > 2.13 112201.84543019629 186208.71366628655 12882.495516931349 nan 1.288249551693135E-8 1.288249551693135E-8 -7.89 12.882495516931348 1.1100000000000003 67321.10725811777 4.828151250383644
dw0929+2213 142.47791666666666 22.218055555555555 0.35 0.7 0.09 18.5 * "" 10 Tr L "" 9.83 SBF 1.01 52 "" 0.0 27.2 5.89 nan "" nan "" -0.1 NGC2903 -0.1 1.56 "" 20.95 nan "" nan nan "" nan nan "" nan nan "" "" "" "" 29.96 nan nan "" nan "" nan "" nan "" nan "" nan "" nan 776247.1166286912 nan nan nan nan nan nan 0.0 nan 465748.2699772147 5.6681512503836435
dw0932+1952 143.09916666666663 19.875 0.24 0.8 0.14 15.5 * "" -1 Sph L "" 7.99 SBF 0.57 41 "" 0.0 25.2 6.92 nan "" nan "" 0.0 NGC2903 0.0 1.57 "" 19.74 nan > 23.0 nan "" nan nan "" nan nan "" "" "" "" 29.51 nan -9.92 "" nan "" nan "" nan < -4.5 < -1.28 "" nan 8317637.711026709 nan nan nan 3.1622776601683795E-5 3.1622776601683795E-5 -4.5 31622.776601683792 4.5 4990582.626616025 6.698151250383644
dw0936+2135 144.08916666666664 21.598888888888887 0.32 0.78 0.12 14.1 * "" -1 Sph L "" 8.9 mem 0.84 44 "" 0.0 24.4 7.58 nan "" nan "" 2.3 NGC2903 2.3 1.57 "" 18.3 nan "" 21.41 nan "" nan nan "" nan nan "" "" "" "" 29.75 nan -11.56 "" nan "" nan "" nan "" -3.8 "" -1.24 "" nan 3.8018939632056125E7 nan nan nan 1.5848931924611142E-4 1.5848931924611142E-4 -3.8 158489.3192461114 5.2 2.2811363779233675E7 7.358151250383644
dw1000-0741 150.00416666666663 -7.688055555555556 0.49 0.78 0.2 15.3 * "" 10 Ir L "" 8.92 SBF 1.31 44 "" 0.0 24.8 7.08 nan "" nan "" 0.3 NGC3115 0.3 1.72 "" 17.87 nan "" 23.0 nan "" nan nan "" nan nan "" "" "" "" 29.75 nan -12.08 "" nan "" nan "" nan "" -4.37 "" -1.32 "" nan 1.202264434617413E7 nan nan nan 4.265795188015926E-5 4.265795188015926E-5 -4.37 42657.95188015925 4.63 7213586.607704478 6.858151250383644
dw1000-0821 150.04416666666665 -8.356944444444444 0.83 0.59 0.24 13.7 * "" 9 Im L "" 9.29 SBF 2.31 63 "" 0.0 24.3 7.77 nan "" nan "" 1.0 NGC3115 1.0 1.72 "" 16.28 nan > 23.0 nan "" nan nan "" nan nan "" "" "" "" 29.84 nan -13.8 "" nan "" nan "" nan < -4.3 < -1.94 "" nan 5.888436553555884E7 nan nan nan 5.011872336272725E-5 5.011872336272725E-5 -4.3 50118.72336272724 4.7 3.53306193213353E7 7.548151250383643
dw1002-0642 150.65708333333333 -6.708055555555556 0.24 0.38 0.14 17.1 * "" -2 Sph L "" 9.25 SBF 0.64 90 "" 0.0 26.8 6.39 nan "" nan "" 1.0 NGC3115 1.0 1.72 "" 21.37 nan "" nan nan "" nan nan "" nan nan "" "" "" "" 29.83 nan nan "" nan "" nan "" nan "" nan "" nan "" nan 2454708.915685029 nan nan nan nan nan nan 0.0 nan 1472825.3494110173 6.1681512503836435
dw1002-0818 150.50416666666663 -8.31 0.15 0.73 0.22 16.2 * "" -2 Sph L "" 10.7 SBF 0.49 51 "" 0.0 24.9 6.9 nan "" nan "" -0.1 NGC3115 0.0 -1.1 "" 20.5 nan "" nan nan "" nan nan "" nan nan "" "" "" "" 30.15 nan nan "" nan "" nan "" nan "" nan "" nan "" nan 7943282.347242822 nan nan nan nan nan nan 0.0 nan 4765969.408345693 6.678151250383644
dw1004-0657 151.15708333333333 -6.958888888888889 0.46 0.88 0.13 15.3 * "" -2 Sph L "" 8.75 SBF 1.2 33 "" 0.0 26.4 7.08 nan "" nan "" 0.1 NGC3115 0.1 1.71 "" 19.51 nan "" nan nan "" nan nan "" nan nan "" "" "" "" 29.71 nan nan "" nan "" nan "" nan "" nan "" nan "" nan 1.202264434617413E7 nan nan nan nan nan nan 0.0 nan 7213586.607704478 6.858151250383644
dw1004-0737 150.995 -7.641111111111111 0.57 0.92 0.18 15.0 * "" -2 Sph L "" 10.79 SBF 1.87 26 "" 0.0 26.6 7.37 nan "" nan "" -0.1 NGC3115 -0.1 -1.15 "" 19.3 nan "" nan nan "" nan nan "" nan nan "" "" "" "" 30.17 nan nan "" nan "" nan "" nan "" nan "" nan "" nan 2.3442288153199226E7 nan nan nan nan nan nan 0.0 nan 1.4065372891919535E7 7.148151250383644
dw1006-0730 151.55291666666665 -7.5 0.34 0.75 0.15 14.6 * "" -1 Sph L "" 10.18 SBF 1.03 47 "" 0.0 25.0 7.49 nan "" nan "" 0.9 NGC3115 0.9 1.72 "" 18.85 nan "" 21.73 nan "" nan nan "" nan nan "" "" "" "" 30.04 nan -11.34 "" nan "" nan "" nan "" -3.78 "" -1.13 "" nan 3.090295432513592E7 nan nan nan 1.6595869074375615E-4 1.6595869074375615E-4 -3.78 165958.69074375613 5.22 1.8541772595081553E7 7.268151250383644
dw1006-0730-n2 151.64 -7.51 0.22 0.68 0.15 17.4 * "" 10 Ir L "" 8.33 SBF 0.54 54 "" 0.0 25.1 6.2 nan "" nan "" -0.4 NGC3115 -0.3 -1.05 "" 19.89 nan > 23.0 nan "" nan nan "" nan nan "" "" "" "" 29.6 nan -9.87 "" nan "" nan "" nan < -4.46 < -0.52 "" nan 1584893.1924611141 nan nan nan 3.467368504525317E-5 3.467368504525317E-5 -4.46 34673.685045253165 4.54 950935.9154766684 5.978151250383644
dw1006-0732 151.6108333333333 -7.5488888888888885 0.26 0.83 0.16 15.3 * "" -1 Sph L "" 10.52 SBF 0.82 38 "" 0.0 25.2 7.23 nan "" nan "" 0.2 NGC3115 0.2 1.72 "" 19.57 nan "" 21.43 nan "" nan nan "" nan nan "" "" "" "" 30.11 nan -10.7 "" nan "" nan "" nan "" -3.63 "" -0.72 "" nan 1.698243652461746E7 nan nan nan 2.3442288153199226E-4 2.3442288153199226E-4 -3.63 234422.88153199223 5.37 1.0189461914770475E7 7.008151250383644
dw1007-0715 151.83416666666665 -7.263055555555556 0.43 0.81 0.11 13.6 * "" -1 Sph N "" 8.96 SBF 1.14 40 "" 0.0 24.5 7.8 nan "" nan "" 0.4 NGC3115 0.4 1.72 "" 17.76 nan "" nan nan "" nan nan "" nan nan "" "" "" "" 29.76 nan nan "" nan "" nan "" nan "" nan "" nan "" nan 6.3095734448019296E7 nan nan nan nan nan nan 0.0 nan 3.7857440668811575E7 7.578151250383644
dw1007-0835 151.81416666666667 -8.586111111111112 0.23 0.36 0.21 17.2 * "" -2 Sph L "" 8.23 SBF 0.56 90 "" 0.0 26.8 6.26 nan "" nan "" -0.5 NGC3115 -0.4 -1.29 "" 21.52 nan "" nan nan "" nan nan "" nan nan "" "" "" "" 29.58 nan nan "" nan "" nan "" nan "" nan "" nan "" nan 1819700.8586099825 nan nan nan nan nan nan 0.0 nan 1091820.5151659895 6.038151250383644
dw1037+09 159.41916666666665 9.105555555555556 0.47 0.77 0.09 15.5 * "" 10 Ir L "" 10.42 mem 1.44 45 "" 0.0 24.8 7.16 nan "" nan "" 0.5 NGC3368 0.7 1.89 "" 17.9 nan "" nan nan "" nan nan "" nan nan "" "" "" "" 30.09 nan nan "" nan "" nan "" nan "" nan "" nan "" nan 1.445439770745928E7 nan nan nan nan nan nan 0.0 nan 8672638.624475569 6.938151250383644
DDO062 140.36458333333331 -22.500555555555554 2.51 0.24 0.29 11.7 * 124 8 "" "" 846 10.86 BTF 7.98 79 55 0.23 24.9 8.71 9.45 "" 9.15 560 -0.4 NGC2784 -0.2 -0.08 "" 14.8 nan "" 16.68 0.06 "" 13.14 nan "" 18.28 0.12 846 2 "" 2004AJ....128...16K 30.18 nan -15.9 "" -1.61 "" -0.19 "" 0.89 "" -1.42 "" 0.0 "" 0.7 5.1286138399136585E8 2.818382931264449E9 1.4125375446227555E9 0.024547089156850298 0.038018939632056124 0.03128301439445321 -1.5046914054906444 3.128301439445321E7 7.495308594509355 3.077168303948195E8 8.488151250383645
dw1042+1359 160.68916666666664 13.989999999999998 0.23 0.4 0.11 17.0 * "" -2 Sph L "" 10.51 SBF 0.7 90 "" 0.0 26.5 6.56 nan "" nan "" 1.3 NGC3377 1.5 2.14 "" 21.2 nan "" nan nan "" nan nan "" nan nan "" "" "" "" 30.11 nan nan "" nan "" nan "" nan "" nan "" nan "" nan 3630780.54770101 nan nan nan nan nan nan 0.0 nan 2178468.328620606 6.3381512503836435
dw1042+2415 160.5920833333333 24.25 0.61 0.65 0.12 13.4 * "" -2 Sph L "" 10.03 SBF 1.8 60 "" 0.0 25.1 7.95 nan "" nan "" 1.2 NGC3344 1.2 1.09 "" 17.63 nan "" nan nan "" nan nan "" nan nan "" "" "" "" 30.01 nan nan "" nan "" nan "" nan "" nan "" nan "" nan 8.91250938133746E7 nan nan nan nan nan nan 0.0 nan 5.347505628802475E7 7.728151250383644
dw1044+1359 161.10791666666663 13.998888888888889 0.26 0.69 0.11 16.7 * "" -2 Sph L "" 10.6 SBF 0.81 55 "" 0.0 26.6 6.67 nan "" nan "" 1.3 NGC3377 1.5 2.14 "" 20.95 nan "" nan nan "" nan nan "" nan nan "" "" "" "" 30.13 nan nan "" nan "" nan "" nan "" nan "" nan "" nan 4677351.412871981 nan nan nan nan nan nan 0.0 nan 2806410.8477231883 6.448151250383644
dw1045+13 161.4920833333333 13.547777777777778 0.22 0.85 0.12 15.6 * "" -2 Sph L "" 10.42 mem 0.68 37 "" 0.0 25.1 7.12 nan "" nan "" 2.3 NGC3377 2.3 2.14 "" 19.79 nan > 23.0 nan "" nan nan "" nan nan "" "" "" "" 30.09 nan -10.42 "" nan "" nan "" nan < -4.29 < -1.27 "" nan 1.3182567385564074E7 nan nan nan 5.128613839913648E-5 5.128613839913648E-5 -4.29 51286.13839913648 4.71 7909540.431338444 6.898151250383644
dw1045+14b 161.48333333333332 14.226944444444445 0.31 0.76 0.1 17.6 * "" 10 Tr L "" 10.42 mem 0.95 46 "" 0.0 26.0 6.33 nan "" nan "" 2.6 NGC3377 2.6 2.14 "" 20.0 nan > 23.0 nan "" nan nan "" nan nan "" "" "" "" 30.09 nan -10.19 "" nan "" nan "" nan < -4.3 < -0.49 "" nan 2137962.0895022326 nan nan nan 5.011872336272725E-5 5.011872336272725E-5 -4.3 50118.72336272724 4.7 1282777.2537013395 6.108151250383644
dw1045+16 161.48541666666665 16.916666666666668 0.4 0.95 0.09 14.6 * "" -2 Sph L "" 10.42 mem 1.24 21 "" 0.0 25.4 7.51 nan "" nan "" 0.2 NGC3377 0.6 1.75 "" 18.8 nan > 23.0 nan "" nan nan "" nan nan "" "" "" "" 30.09 nan -11.38 "" nan "" nan "" nan < -4.31 < -1.68 "" nan 3.235936569296281E7 nan nan nan 4.897788193684466E-5 4.897788193684466E-5 -4.31 48977.88193684466 4.69 1.9415619415777687E7 7.288151250383644
dw1045+2427 161.37916666666666 24.46611111111111 0.31 0.77 0.12 16.0 * "" -2 Sph L "" 9.76 SBF 0.9 46 "" 0.0 26.2 6.91 nan "" nan "" 2.1 NGC3344 2.1 1.09 "" 20.18 nan "" nan nan "" nan nan "" nan nan "" "" "" "" 29.95 nan nan "" nan "" nan "" nan "" nan "" nan "" nan 8128305.161640995 nan nan nan nan nan nan 0.0 nan 4876983.096984597 6.688151250383644
dw1046+1244 161.69166666666666 12.749722222222221 0.14 0.81 0.08 18.4 * "" -2 Sph L "" 10.2 TRGB 0.42 42 "" 0.0 26.9 5.96 nan "" nan "" nan "" nan nan "" 22.6 nan "" nan nan "" nan nan "" nan nan "" "" "" "" 30.04 nan nan "" nan "" nan "" nan "" nan "" nan "" nan 912010.8393559096 nan nan nan nan nan nan 0.0 nan 547206.5036135458 5.738151250383644
DDO092 168.35875 53.595 1.38 0.78 0.05 13.2 * 45 9 Im N 928 9.91 BTF 3.98 44 26 0.0 24.9 8.02 8.5 "" 8.32 999 0.9 NGC3556 0.9 1.28 "" 15.6 nan "" 16.05 0.2 "" 15.01 nan "" 18.22 0.1 928 6 "" 1981ApJS...47..139F 29.98 nan -14.43 "" -1.76 "" 0.35 "" 0.21 "" -1.61 "" 0.5 "" 0.06 1.0471285480508985E8 3.1622776601683795E8 2.089296130854041E8 0.017378008287493755 0.024547089156850298 0.020962548722172028 -1.678555914976395 2.0962548722172026E7 7.321444085023605 6.2827712883053906E7 7.798151250383643
dw1047+1153 161.77499999999998 11.878055555555555 0.22 0.88 0.09 17.2 * "" -2 Sph L "" 9.35 SBF 0.61 33 "" 0.0 26.7 6.38 nan "" nan "" 2.1 NGC3384 2.1 1.66 "" 21.38 nan "" nan nan "" nan nan "" nan nan "" "" "" "" 29.85 nan nan "" nan "" nan "" nan "" nan "" nan "" nan 2398832.91901949 nan nan nan nan nan nan 0.0 nan 1439299.7514116939 6.158151250383644
dw1047+1258 161.92583333333332 12.975 0.22 0.96 0.1 15.8 * "" -2 Sph L "" 11.0 SBF 0.72 19 "" 0.0 25.3 7.07 nan "" nan "" 1.4 NGC3379 1.5 2.05 "" 20.02 nan "" nan nan "" nan nan "" nan nan "" "" "" "" 30.21 nan nan "" nan "" nan "" nan "" nan "" nan "" nan 1.1748975549395302E7 nan nan nan nan nan nan 0.0 nan 7049385.329637181 6.848151250383644
dw1047+16 161.75124999999997 16.147222222222222 0.39 0.7 0.1 15.9 * "" 10 Ir L "" 10.42 mem 1.19 52 "" 0.0 24.8 7.01 nan "" nan "" 0.6 NGC3377 0.9 1.91 "" 18.3 nan > 23.0 nan "" nan nan "" nan nan "" "" "" "" 30.09 nan -11.89 "" nan "" nan "" nan < -4.31 < -1.18 "" nan 1.0232929922807537E7 nan nan nan 4.897788193684466E-5 4.897788193684466E-5 -4.31 48977.88193684466 4.69 6139757.953684522 6.788151250383644
DDO123 186.53374999999997 58.322500000000005 2.78 0.79 0.05 11.9 * 58 8 "" "" 722 10.5 TF 8.5 38 40 0.0 25.3 8.62 9.19 "" 8.88 836 -1.3 NGC4088 -0.6 0.3 "" 14.5 0.5 "" nan nan "" 13.74 0.02 < 18.45 0.06 722 1 "" 1981ApJS...47..139F 30.11 nan -15.66 > -1.8 > -0.28 < 0.81 "" nan "" nan "" nan 4.1686938347033465E8 1.5488166189124796E9 7.585775750291852E8 0.015848931924611134 nan 0.015848931924611134 -1.8 1.5848931924611133E7 7.2 2.5012163008220077E8 8.398151250383643
dw1048+1121 162.09583333333333 11.351944444444444 0.32 0.94 0.11 16.3 * "" -2 Sph L "" 10.4 mem 0.99 23 "" 0.0 26.6 6.82 nan "" nan "" 2.7 NGC3368 2.7 2.1 "" 20.52 nan "" nan nan "" nan nan "" nan nan "" "" "" "" 30.09 nan nan "" nan "" nan "" nan "" nan "" nan "" nan 6606934.480075965 nan nan nan nan nan nan 0.0 nan 3964160.6880455785 6.598151250383644
dw1048+1154 162.10416666666666 11.911944444444444 0.18 0.92 0.1 15.5 * "" -2 Sph L "" 10.75 SBF 0.58 26 "" 0.0 24.6 7.17 nan "" nan "" 1.3 NGC3368 1.4 2.14 "" 19.72 nan "" nan nan "" nan nan "" nan nan "" "" "" "" 30.16 nan nan "" nan "" nan "" nan "" nan "" nan "" nan 1.4791083881682072E7 nan nan nan nan nan nan 0.0 nan 8874650.329009242 6.948151250383644
dw1048+13 162.14916666666667 13.06 0.33 0.95 0.12 15.9 * "" -2 Sph L "" 10.62 TRGB 1.05 21 "" 0.0 26.3 7.01 nan "" nan "" 1.4 NGC3368 1.6 2.14 "" 20.1 nan > 23.0 nan "" nan nan "" nan nan "" "" "" "" 30.13 0.12 -10.15 "" nan "" nan "" nan < -4.27 < -1.15 "" nan 1.0232929922807537E7 nan nan nan 5.3703179637025325E-5 5.3703179637025325E-5 -4.27 53703.17963702532 4.73 6139757.953684522 6.788151250383644
