tables/LVG_not_HEC_join.ecsv
# %ECSV 1.0
# ---
# datatype:
# -
#   name: Name
#   datatype: string
#   description: Galaxy name
# -
#   name: Ra
#   datatype: float64
#   unit: deg
#   description: Right Ascension
# -
#   name: Dec
#   datatype: float64
#   unit: deg
#   description: Declination
# -
#   name: a26_2
#   datatype: float64
#   unit: arcmin
#   description: Major angular diameter (1)
# -
#   name: b/a
#   datatype: float64
#   description: Apparent axial ratio (1)
# -
#   name: AB
#   datatype: float64
#   unit: mag
#   description: Galactic extinction in B band (2)
# -
#   name: Kmag
#   datatype: float64
#   unit: mag
#   description: 2MASS K_S_ band magnitude (6)
# -
#   name: f_Kmag
#   datatype: string
#   description: '[*] Flag on Kmag (7)'
# -
#   name: W50
#   datatype: int64
#   unit: km / s
#   description: H I line with at 50% level from maximum (9)
# -
#   name: TType
#   datatype: int64
#   description: Morphology type code (10)
# -
#   name: Tdw1
#   datatype: string
#   description: Dwarf galaxy morphology (11)
# -
#   name: Tdw2
#   datatype: string
#   description: Dwarf galaxy surface brightness morphology (12)
# -
#   name: RVel
#   datatype: int64
#   unit: km / s
#   description: Heliocentric radial velocity (13)
# -
#   name: Dis
#   datatype: float64
#   unit: Mpc
#   description: Distance
# -
#   name: f_Dis
#   datatype: string
#   description: Method flag used to obtain Dis (14)
# -
#   name: A26_2a
#   datatype: float64
#   unit: kpc
#   description: Major linear diameter (1)
# -
#   name: inc
#   datatype: int64
#   unit: deg
#   description: Inclination
# -
#   name: Vm
#   datatype: int64
#   unit: km / s
#   description: Amplitude of rotational velocity (2)
# -
#   name: AB_int
#   datatype: float64
#   unit: mag
#   description: Internal B band extinction (3)
# -
#   name: SBB
#   datatype: float64
#   unit: mag / arcsec2
#   description: Average B band surface brightness (5)
# -
#   name: logKLum
#   datatype: float64
#   description: Log K_S_ band luminosity (6)
# -
#   name: logM26
#   datatype: float64
#   description: Log mass within Holmberg radius (7)
# -
#   name: l_logMHI
#   datatype: string
#   description: Limit flag on logMHI
# -
#   name: logMHI
#   datatype: float64
#   description: Log hydrogen mass (8)
# -
#   name: VLG
#   datatype: int64
#   unit: km / s
#   description: Radial velocity (9)
# -
#   name: Theta1
#   datatype: float64
#   description: Tidal index (10)
# -
#   name: MD
#   datatype: string
#   description: Main disturber name (11)
# -
#   name: Theta5
#   datatype: float64
#   description: Another tidal index (12)
# -
#   name: Thetaj
#   datatype: float64
#   description: Log K band luminosity density (13)
# -
#   name: l_mag_B
#   datatype: string
#   description: Limit flag on mag
# -
#   name: mag_B
#   datatype: float64
#   unit: mag
#   description: Apparent magnitude in Filter (1)
# -
#   name: e_mag_B
#   datatype: float64
#   unit: mag
#   description: Error in mag (2)
# -
#   name: l_mag_FUV
#   datatype: string
#   description: Limit flag on mag
# -
#   name: mag_FUV
#   datatype: float64
#   unit: mag
#   description: Apparent magnitude in Filter (1)
# -
#   name: e_mag_FUV
#   datatype: float64
#   unit: mag
#   description: Error in mag (2)
# -
#   name: l_mag_HI
#   datatype: string
[...]
# -
#   name: M26
#   datatype: float64
#   unit: solMass
#   description: Linear mass within Holmberg radius
# -
#   name: MHI
#   datatype: float64
#   unit: solMass
#   description: Linear hydrogen mass
# -
#   name: SFRHa
#   datatype: float64
#   unit: solMass / yr
#   description: 'Linear Star Formation Rate (H?)'
# -
#   name: SFRFUV
#   datatype: float64
#   unit: solMass / yr
#   description: Linear Star Formation Rate (FUV)
# -
#   name: SFR_UNGC
#   datatype: float64
#   unit: solMass / yr
#   description: 'Average Star Formation Rate, from the Ha and FUV'
# -
#   name: logSFR_UNGC
#   datatype: float64
#   description: 'Log Average Star Formation Rate, from the Ha and FUV'
# -
#   name: SFR_UNGC_Gyr
#   datatype: float64
#   unit: solMass / Gyr
#   description: 'Average Star Formation Rate, from the Ha and FUV, in Gyr'
# -
#   name: logSFR_UNGC_Gyr
#   datatype: float64
#   description: 'Log Average Star Formation Rate, from the Ha and FUV, in Gyr'
# -
#   name: StellarMass
#   datatype: float64
#   unit: solMass
#   description: Stellar Mass (M*/K luminosity)
# -
#   name: logStellarMass
#   datatype: float64
#   description: Log Stellar Mass (M*/K luminosity)
Name Ra Dec a26_2 b/a AB Kmag f_Kmag W50 TType Tdw1 Tdw2 RVel Dis f_Dis A26_2a inc Vm AB_int SBB logKLum logM26 l_logMHI logMHI VLG Theta1 MD Theta5 Thetaj l_mag_B mag_B e_mag_B l_mag_FUV mag_FUV e_mag_FUV l_mag_HI mag_HI e_mag_HI l_mag_Ha mag_Ha e_mag_Ha cz e_cz e_W50 r_W50 DM e_DM BMag l_SFRHa logSFRHa l_PHa PHa l_FHa FHa l_SFRFUV logSFRFUV l_PFUV PFUV l_FFUV FFUV KLum M26 MHI SFRHa SFRFUV SFR_UNGC logSFR_UNGC SFR_UNGC_Gyr logSFR_UNGC_Gyr StellarMass logStellarMass
[from data line 233]
dw1246-1142 191.74166666666667 -11.706944444444444 0.41 0.58 0.16 16.3 * "" -2 Sph L "" 9.55 mem 1.16 68 "" 0.0 27.1 6.78 nan "" nan "" nan "" nan nan "" 20.5 nan "" nan nan "" nan nan "" nan nan "" "" "" "" 29.9 nan nan "" nan "" nan "" nan "" nan "" nan "" nan 6025595.860743581 nan nan nan nan nan nan 0.0 nan 3615357.5164461485 6.558151250383644
Dw1051+6416 162.81708333333333 64.27805555555555 0.33 0.93 0.06 16.8 * "" -2 Sph L "" 9.0 txt 0.87 25 "" 0.0 27.2 6.48 nan "" nan "" -1.2 NGC3556 -0.8 -0.81 "" 21.0 nan > 23.5 nan "" nan nan "" nan nan "" "" "" "" 29.77 nan -8.83 "" nan "" nan "" nan < -4.67 < -1.02 "" nan 3019951.720402019 nan nan nan 2.1379620895022323E-5 2.1379620895022323E-5 -4.67 21379.62089502232 4.33 1811971.0322412115 6.258151250383644
dw1246-1240 191.55833333333334 -12.678888888888888 0.36 0.71 0.18 15.5 * "" -2 Sph L "" 9.55 mem 1.03 53 "" 0.0 26.0 7.09 nan "" nan "" nan "" nan nan "" 19.72 nan "" nan nan "" nan nan "" nan nan "" "" "" "" 29.9 nan nan "" nan "" nan "" nan "" nan "" nan "" nan 1.230268770812381E7 nan nan nan nan nan nan 0.0 nan 7381612.624874286 6.868151250383644
Dw1053+1518 163.44291666666663 15.311111111111112 0.31 0.47 0.09 18.9 * "" 10 Tr L "" 10.8 mem 0.96 76 "" 0.0 27.3 5.84 nan "" nan "" nan "" nan nan "" 21.3 0.15 > 23.5 nan "" nan nan "" nan nan "" "" "" "" 30.17 nan -8.96 "" nan "" nan "" nan < -4.48 < -0.18 "" nan 691830.9709189363 nan nan nan 3.3113112148259076E-5 3.3113112148259076E-5 -4.48 33113.112148259075 4.52 415098.58255136176 5.618151250383644
dw1251-40 192.98333333333332 -40.331388888888895 0.22 0.88 0.36 15.4 * "" -1 Sph L "" 3.6 mem 0.25 32 "" 0.0 25.0 6.26 nan < 6.64 "" 4.3 dw1252-40 4.3 1.88 "" 19.86 nan > 23.0 nan > 17.0 nan "" nan nan "" "" "" "" 27.78 nan -8.28 "" nan "" nan "" nan < -5.03 < -1.16 > 1.8 1819700.8586099825 nan 4365158.322401657 nan 9.332543007969906E-6 9.332543007969906E-6 -5.03 9332.543007969905 3.9699999999999998 1091820.5151659895 6.038151250383644
Dw1100+1125 165.1308333333333 11.431111111111111 0.38 0.92 0.06 19.1 * "" 10 Tr L "" 10.8 mem 1.21 26 "" 0.0 28.0 5.74 nan "" nan "" nan "" nan nan "" 21.5 0.15 > 23.5 nan "" nan nan "" nan nan "" "" "" "" 30.17 nan -8.73 "" nan "" nan "" nan < -4.5 < -0.11 "" nan 549540.8738576248 nan nan nan 3.1622776601683795E-5 3.1622776601683795E-5 -4.5 31622.776601683792 4.5 329724.5243145749 5.518151250383644
dw1252+2215 193.02416666666667 22.265 0.26 0.79 0.13 16.0 * "" -2 Sph L "" 5.42 SBF 0.42 44 "" 0.0 25.9 6.37 nan "" nan "" -0.5 NGC4826 -0.4 -1.01 "" 20.25 nan "" nan nan "" nan nan "" nan nan "" "" "" "" 28.67 nan nan "" nan "" nan "" nan "" nan "" nan "" nan 2344228.8153199228 nan nan nan nan nan nan 0.0 nan 1406537.2891919536 6.148151250383644
Dw1106+1250 166.5408333333333 12.845 0.75 0.52 0.06 16.4 * "" 10 Tr L "" 10.8 mem 2.32 70 "" 0.0 26.7 6.82 nan "" nan "" nan "" nan nan "" 18.8 0.15 > 23.5 nan "" nan nan "" nan nan "" "" "" "" 30.17 nan -11.42 "" nan "" nan "" nan < -4.51 < -1.19 "" nan 6606934.480075965 nan nan nan 3.090295432513592E-5 3.090295432513592E-5 -4.51 30902.954325135917 4.49 3964160.6880455785 6.598151250383644
dw1252-40 193.00416666666663 -40.36527777777778 0.56 0.77 0.35 12.7 * "" -1 Sph L "" 3.6 mem 0.63 45 "" 0.0 24.3 7.37 nan < 6.64 "" 3.2 dw1251-40 3.2 1.88 "" 17.08 nan > 23.0 nan > 17.0 nan "" nan nan "" "" "" "" 27.78 nan -11.05 "" nan "" nan "" nan < -5.04 < -2.28 > 1.81 2.3442288153199226E7 nan 4365158.322401657 nan 9.120108393559096E-6 9.120108393559096E-6 -5.04 9120.108393559096 3.96 1.4065372891919535E7 7.148151250383644
Dw1108+5520 167.24791666666664 55.34111111111111 0.33 0.8 0.04 15.4 * "" -2 Sph L "" 9.9 mem 0.95 43 "" 0.0 25.7 7.16 nan "" nan "" 2.8 NGC3556 2.8 1.28 "" 19.5 nan "" nan nan "" nan nan "" nan nan "" "" "" "" 29.98 nan nan "" nan "" nan "" nan "" nan "" nan "" nan 1.445439770745928E7 nan nan nan nan nan nan 0.0 nan 8672638.624475569 6.938151250383644
dw1252-43 193.10416666666666 -43.099444444444444 0.27 0.83 0.32 15.3 * "" -1 Sph L "" 3.6 mem 0.3 38 "" 0.0 25.4 6.3 nan < 6.64 "" 1.1 NGC5128 1.3 1.88 "" 19.74 nan > 23.0 nan > 17.0 nan "" nan nan "" "" "" "" 27.78 nan -8.36 "" nan "" nan "" nan < -5.06 < -1.22 > 1.83 1995262.3149688789 nan 4365158.322401657 nan 8.709635899560814E-6 8.709635899560814E-6 -5.06 8709.635899560813 3.9400000000000004 1197157.3889813272 6.078151250383644
Dw1109+5447 167.30499999999998 54.78611111111111 0.34 0.78 0.04 17.3 * "" 10 Irr L "" 9.9 mem 0.98 44 "" 0.0 26.0 6.38 nan "" nan "" 1.9 NGC3556 1.9 1.28 "" 19.7 nan "" nan nan "" nan nan "" nan nan "" "" "" "" 29.98 nan nan "" nan "" nan "" nan "" nan "" nan "" nan 2398832.91901949 nan nan nan nan nan nan 0.0 nan 1439299.7514116939 6.158151250383644
dw1255+40 193.7583333333333 40.59 0.72 0.95 0.05 15.1 * "" -1 Sph L "" 4.1 TRGB 0.87 20 "" 0.0 27.1 6.5 nan "" nan "" 1.1 NGC4736 1.1 1.44 "" 19.24 nan > 23.0 nan "" nan nan "" nan nan "" "" "" "" 28.06 0.1 -8.87 "" nan "" nan "" nan < -5.16 < -1.52 "" nan 3162277.6601683795 nan nan nan 6.9183097091893625E-6 6.9183097091893625E-6 -5.16 6918.3097091893615 3.84 1897366.5961010277 6.278151250383644
Dw1111+0049 167.84875 0.8302777777777778 0.52 0.7 0.14 16.7 * "" 10 Tr L "" 10.06 SBF 1.55 52 "" 0.0 26.3 6.63 nan "" nan "" 0.6 NGC3521 0.6 1.84 "" 19.21 nan "" nan nan "" nan nan "" nan nan "" "" "" "" 30.01 nan nan "" nan "" nan "" nan "" nan "" nan "" nan 4265795.188015926 nan nan nan nan nan nan 0.0 nan 2559477.112809555 6.408151250383644
dw1257-41 194.43749999999994 -41.38111111111111 0.8 0.74 0.42 13.3 * "" -1 Sph L "" 3.6 mem 0.91 48 "" 0.0 25.7 7.13 nan < 6.64 "" 1.3 NGC5128 1.4 1.88 "" 17.76 nan > 23.0 nan > 17.0 nan "" nan nan "" "" "" "" 27.78 nan -10.44 "" nan "" nan "" nan < -4.98 < -1.97 > 1.75 1.3489628825916532E7 nan 4365158.322401657 nan 1.0471285480508985E-5 1.0471285480508985E-5 -4.98 10471.285480508985 4.02 8093777.295549919 6.908151250383644
Dw1113+5541 168.29208333333332 55.68805555555555 0.42 0.64 0.04 18.1 * "" 10 Tr L "" 9.9 mem 1.2 58 "" 0.0 27.2 6.06 nan "" nan "" 3.7 NGC3556 3.7 1.28 "" 20.5 nan "" nan nan "" nan nan "" nan nan "" "" "" "" 29.98 nan nan "" nan "" nan "" nan "" nan "" nan "" nan 1148153.6214968818 nan nan nan nan nan nan 0.0 nan 688892.1728981291 5.8381512503836435
dw1258+2329 194.71416666666664 23.490000000000002 0.26 0.85 0.07 15.3 * "" -1 Sph L "" 6.08 SBF 0.46 35 "" 0.0 25.2 6.74 nan "" nan "" -1.2 NGC4826 -0.7 -0.42 "" 19.51 nan "" nan nan "" nan nan "" nan nan "" "" "" "" 28.92 nan nan "" nan "" nan "" nan "" nan "" nan "" nan 5495408.738576248 nan nan nan nan nan nan 0.0 nan 3297245.243145749 6.518151250383644
Dw1155+78 178.9758333333333 78.07888888888888 0.58 0.73 0.25 17.0 * "" 10 Tr L "" 10.0 txt 1.76 49 "" 0.0 26.9 6.51 nan "" nan "" nan "" nan nan "" 19.61 nan > 23.5 nan "" nan nan "" nan nan "" "" "" "" 30.0 nan -10.64 "" nan "" nan "" nan < -4.43 < -0.8 "" nan 3235936.569296281 nan nan nan 3.715352290971728E-5 3.715352290971728E-5 -4.43 37153.52290971727 4.57 1941561.9415777684 6.288151250383644
dw1258-37 194.6208333333333 -37.1225 0.73 0.9 0.18 14.8 * "" -1 Sph X "" 3.6 mem 0.79 29 "" 0.0 26.9 6.52 nan < 6.64 "" 0.8 NGC5128 1.0 1.88 "" 19.03 nan > 23.0 nan > 17.0 nan "" nan nan "" "" "" "" 27.78 nan -8.93 "" nan "" nan "" nan < -5.17 < -1.56 > 1.94 3311311.2148259077 nan 4365158.322401657 nan 6.760829753919819E-6 6.760829753919819E-6 -5.17 6760.829753919818 3.83 1986786.7288955445 6.298151250383643
Dw1159+5554 179.98583333333332 55.915 1.5 0.6 0.05 17.3 * "" 10 Tr L "" 10.3 mem 4.45 62 "" 0.0 29.1 6.42 nan "" nan "" 1.5 NGC3990 1.5 0.38 "" 19.7 nan "" nan nan "" nan nan "" nan nan "" "" "" "" 30.06 nan nan "" nan "" nan "" nan "" nan "" nan "" nan 2630267.9918953814 nan nan nan nan nan nan 0.0 nan 1578160.7951372287 6.198151250383644
dw1300+1843 195.12916666666666 18.716944444444444 0.4 0.9 0.1 14.1 * "" -1 Sph L "" 3.38 SBF 0.4 29 "" 0.0 24.9 6.72 nan "" nan "" -0.5 NGC4826 -0.4 -1.23 "" 18.31 nan > 23.0 nan "" nan nan "" nan nan "" "" "" "" 27.64 nan -9.43 "" nan "" nan "" nan < -5.29 < -1.88 "" nan 5248074.602497723 nan nan nan 5.128613839913648E-6 5.128613839913648E-6 -5.29 5128.613839913647 3.71 3148844.761498634 6.498151250383644
Dw1214+2101 183.5758333333333 21.01888888888889 0.3 0.67 0.11 15.9 * "" -2 Sph L "" 7.0 mem 0.62 57 "" 0.0 26.0 6.65 nan "" nan "" -0.6 Dw1215+2041 -0.3 -0.32 "" 20.1 nan "" 23.5 nan "" nan nan "" nan nan "" "" "" "" 29.23 nan -9.24 "" nan "" nan "" nan "" -4.84 "" -1.35 "" nan 4466835.921509635 nan nan nan 1.445439770745928E-5 1.445439770745928E-5 -4.84 14454.397707459279 4.16 2680101.5529057807 6.428151250383644
dw1301-30 195.36666666666665 -30.111944444444447 0.49 0.75 0.27 15.0 * "" -1 Sph X "" 4.9 mem 0.73 47 "" 0.0 26.2 6.72 nan < 6.91 "" 0.4 NGC5236 0.5 1.64 "" 19.3 nan > 23.0 nan > 17.0 nan "" nan nan "" "" "" "" 28.45 nan -9.42 "" nan "" nan "" nan < -4.84 < -1.42 > 1.88 5248074.602497723 nan 8128305.161640995 nan 1.445439770745928E-5 1.445439770745928E-5 -4.84 14454.397707459279 4.16 3148844.761498634 6.498151250383644
Dw1214+2945 183.6108333333333 29.76388888888889 1.02 0.45 0.07 14.9 * "" 10 Tr N 426 6.7 mem 1.96 79 "" 0.0 25.9 7.01 nan "" nan 396 0.9 NGC4136 0.9 0.53 "" 17.3 nan "" 21.3 nan "" nan nan "" nan nan 426 69 "" "" 29.13 nan -11.9 "" nan "" nan "" nan "" -4.03 "" -0.91 "" nan 1.0232929922807537E7 nan nan nan 9.332543007969905E-5 9.332543007969905E-5 -4.03 93325.43007969903 4.97 6139757.953684522 6.788151250383644
dw1302-40 195.70416666666662 -40.143055555555556 0.69 0.95 0.37 14.6 * "" -1 Sph L "" 3.6 mem 0.78 20 "" 0.0 26.7 6.59 nan < 6.64 "" 1.4 NGC5128 1.4 1.88 "" 19.05 nan > 23.0 nan > 17.0 nan "" nan nan "" "" "" "" 27.78 nan -9.1 "" nan "" nan "" nan < -5.02 < -1.48 > 1.79 3890451.449942805 nan 4365158.322401657 nan 9.549925860214369E-6 9.549925860214369E-6 -5.02 9549.925860214367 3.9800000000000004 2334270.8699656827 6.368151250383644
Dw1215+2041 183.88416666666666 20.683333333333334 0.4 0.71 0.13 16.2 * "" 10 Tr L "" 7.0 mem 0.83 51 "" 0.0 25.2 6.51 nan "" nan "" -0.5 Dw1214+2101 -0.3 -0.32 "" 18.7 nan > 23.5 nan "" nan nan "" nan nan "" "" "" "" 29.23 nan -10.65 "" nan "" nan "" nan < -4.83 < -1.21 "" nan 3235936.569296281 nan nan nan 1.4791083881682072E-5 1.4791083881682072E-5 -4.83 14791.08388168207 4.17 1941561.9415777684 6.288151250383644
dw1303+42 195.80833333333334 42.37138888888889 0.38 0.63 0.06 15.9 * "" 10 Ir L "" 9.04 mem 0.99 59 "" 0.0 24.7 6.88 nan "" nan "" 1.3 NGC5055 1.3 1.83 "" 18.26 nan "" 20.93 nan "" nan nan "" nan nan "" "" "" "" 29.78 nan -11.58 "" nan "" nan "" nan "" -3.63 "" -0.38 "" nan 7585775.7502918355 nan nan nan 2.3442288153199226E-4 2.3442288153199226E-4 -3.63 234422.88153199223 5.37 4551465.450175101 6.658151250383644
Dw1224+3938 186.14416666666665 39.63611111111111 0.48 0.77 0.1 16.6 * "" 10 Tr L "" 8.9 mem 1.26 45 "" 0.0 26.0 6.59 nan "" nan "" 0.7 NGC4490 0.7 1.1 "" 19.0 nan "" 23.43 nan "" nan nan "" nan nan "" "" "" "" 29.75 nan -10.85 "" nan "" nan "" nan "" -4.61 "" -1.07 "" nan 3890451.449942805 nan nan nan 2.4547089156850286E-5 2.4547089156850286E-5 -4.61 24547.08915685028 4.39 2334270.8699656827 6.368151250383644
dw1305+38 196.49166666666667 38.09527777777778 0.32 0.7 0.05 15.5 * "" 10 Ir L "" 9.04 mem 0.84 52 "" 0.0 24.0 7.03 nan "" nan "" 0.5 NGC5055 0.6 1.75 "" 17.89 nan "" 21.48 nan "" nan nan "" nan nan "" "" "" "" 29.78 nan -11.94 "" nan "" nan "" nan "" -3.86 "" -0.75 "" nan 1.0715193052376071E7 nan nan nan 1.3803842646028852E-4 1.3803842646028852E-4 -3.86 138038.4264602885 5.14 6429115.831425643 6.808151250383644
Dw1229+0144 187.3420833333333 1.7380555555555557 1.11 0.68 0.07 14.5 * "" -2 Sph L "" 10.0 txt 3.23 56 "" 0.0 27.5 7.51 nan "" nan "" nan "" nan nan "" 18.66 nan "" 23.49 nan "" nan nan "" nan nan "" "" "" "" 30.0 nan -11.41 "" nan "" nan "" nan "" -4.57 "" -1.95 "" nan 3.235936569296281E7 nan nan nan 2.691534803926914E-5 2.691534803926914E-5 -4.57 26915.348039269138 4.43 1.9415619415777687E7 7.288151250383644
dw1305+41 196.37083333333334 41.89 0.41 0.88 0.06 14.9 * "" 10 Ir L "" 9.04 mem 1.09 32 "" 0.0 23.9 7.28 nan "" nan "" 1.6 NGC5055 1.6 1.75 "" 17.26 nan "" 21.62 nan "" nan nan "" nan nan "" "" "" "" 29.78 nan -12.58 "" nan "" nan "" nan "" -3.91 "" -1.06 "" nan 1.905460717963248E7 nan nan nan 1.230268770812381E-4 1.230268770812381E-4 -3.91 123026.8770812381 5.09 1.143276430777949E7 7.058151250383644
Dw1229+4109 187.42999999999998 41.161944444444444 0.29 0.6 0.09 15.1 * "" -2 Sph L "" 8.9 mem 0.75 65 "" 0.0 25.2 7.17 nan "" nan "" 2.6 NGC4490 2.6 1.18 "" 19.3 nan > 23.5 nan "" nan nan "" nan nan "" "" "" "" 29.75 nan -10.54 "" nan "" nan "" nan < -4.65 < -1.68 "" nan 1.4791083881682072E7 nan nan nan 2.238721138568338E-5 2.238721138568338E-5 -4.65 22387.211385683375 4.35 8874650.329009242 6.948151250383644
dw1306-29 196.7 -29.891666666666666 0.36 0.52 0.35 14.6 * "" -1 Sph L "" 4.9 mem 0.54 70 "" 0.0 25.2 6.87 nan < 6.91 "" 0.7 NGC5236 0.7 1.64 "" 19.01 nan > 23.0 nan > 17.0 nan "" nan nan "" "" "" "" 28.45 nan -9.79 "" nan "" nan "" nan < -4.77 < -1.5 > 1.81 7413102.413009177 nan 8128305.161640995 nan 1.698243652461746E-5 1.698243652461746E-5 -4.77 16982.436524617457 4.23 4447861.447805506 6.648151250383644
Dw1234+4116 188.65916666666664 41.27611111111111 0.54 0.81 0.09 14.8 * "" 9 BCD H 601 8.45 NAM 1.34 40 "" 0.0 24.4 7.26 nan "" nan 638 0.3 NGC4490 0.5 1.22 "" 17.2 nan "" nan nan "" nan nan "" nan nan 601 3 "" "" 29.63 nan nan "" nan "" nan "" nan "" nan "" nan "" nan 1.8197008586099826E7 nan nan nan nan nan nan 0.0 nan 1.0918205151659895E7 7.038151250383644
dw1308+40 197.19166666666663 40.901111111111106 0.37 0.59 0.07 14.2 * "" -1 Sph L "" 9.04 mem 0.97 63 "" 0.0 24.8 7.54 nan "" nan "" 1.7 NGC5055 1.7 1.75 "" 18.39 nan > 23.0 nan "" nan nan "" nan nan "" "" "" "" 29.78 nan -11.46 "" nan "" nan "" nan < -4.46 < -1.86 "" nan 3.4673685045253165E7 nan nan nan 3.467368504525317E-5 3.467368504525317E-5 -4.46 34673.685045253165 4.54 2.0804211027151898E7 7.318151250383644
Dw1234+76 188.5970833333333 76.72611111111111 0.96 0.58 0.15 15.4 * "" 10 Irr L "" 10.0 txt 2.82 64 "" 0.0 26.3 7.15 nan "" nan "" nan "" nan nan "" 17.9 nan "" 21.76 nan "" nan nan "" nan nan "" "" "" "" 30.0 nan -12.25 "" nan "" nan "" nan "" -3.81 "" -0.83 "" nan 1.4125375446227554E7 nan nan nan 1.548816618912481E-4 1.548816618912481E-4 -3.81 154881.66189124808 5.1899999999999995 8475225.267736532 6.928151250383644
dw1310+4153 197.67416666666665 41.89111111111111 0.3 0.64 0.06 15.4 * "" -1 Sph L "" 7.38 SBF 0.64 58 "" 0.0 25.5 6.9 nan "" nan "" -0.2 NGC5195 0.2 1.38 "" 19.52 nan > 23.0 nan "" nan nan "" nan nan "" "" "" "" 29.34 nan -9.87 "" nan "" nan "" nan < -4.64 < -1.4 "" nan 7943282.347242822 nan nan nan 2.290867652767775E-5 2.290867652767775E-5 -4.64 22908.676527677748 4.36 4765969.408345693 6.678151250383644
Dw1235+7050 188.99791666666667 70.84805555555555 0.6 0.57 0.06 16.6 * "" 10 Irr L "" 4.4 mem 0.76 65 "" 0.0 26.4 5.96 nan "" nan "" 1.0 NGC4236 1.0 0.51 "" 19.0 nan "" nan nan "" nan nan "" nan nan "" "" "" "" 28.22 nan nan "" nan "" nan "" nan "" nan "" nan "" nan 912010.8393559096 nan nan nan nan nan nan 0.0 nan 547206.5036135458 5.738151250383644
dw1312-4218 198.09374999999997 -42.31166666666666 0.21 0.95 0.34 17.1 * "" -2 Sph X "" 3.7 mem 0.25 21 "" 0.0 26.6 5.63 nan "" nan "" 2.3 NGC5128 2.4 1.88 "" 21.5 nan "" nan nan "" nan nan "" nan nan "" "" "" "" 27.84 nan nan "" nan "" nan "" nan "" nan "" nan "" nan 426579.5188015926 nan nan nan nan nan nan 0.0 nan 255947.71128095553 5.408151250383644
