tables/LVG_not_HEC_join.ecsv
# %ECSV 1.0
# ---
# datatype:
# -
#   name: Name
#   datatype: string
#   description: Galaxy name
# -
#   name: Ra
#   datatype: float64
#   unit: deg
#   description: Right Ascension
# -
#   name: Dec
#   datatype: float64
#   unit: deg
#   description: Declination
# -
#   name: a26_2
#   datatype: float64
#   unit: arcmin
#   description: Major angular diameter (1)
# -
#   name: b/a
#   datatype: float64
#   description: Apparent axial ratio (1)
# -
#   name: AB
#   datatype: float64
#   unit: mag
#   description: Galactic extinction in B band (2)
# -
#   name: Kmag
#   datatype: float64
#   unit: mag
#   description: 2MASS K_S_ band magnitude (6)
# -
#   name: f_Kmag
#   datatype: string
#   description: '[*] Flag on Kmag (7)'
# -
#   name: W50
#   datatype: int64
#   unit: km / s
#   description: H I line with at 50% level from maximum (9)
# -
#   name: TType
#   datatype: int64
#   description: Morphology type code (10)
# -
#   name: Tdw1
#   datatype: string
#   description: Dwarf galaxy morphology (11)
# -
#   name: Tdw2
#   datatype: string
#   description: Dwarf galaxy surface brightness morphology (12)
# -
#   name: RVel
#   datatype: int64
#   unit: km / s
#   description: Heliocentric radial velocity (13)
# -
#   name: Dis
#   datatype: float64
#   unit: Mpc
#   description: Distance
# -
#   name: f_Dis
#   datatype: string
#   description: Method flag used to obtain Dis (14)
# -
#   name: A26_2a
#   datatype: float64
#   unit: kpc
#   description: Major linear diameter (1)
# -
#   name: inc
#   datatype: int64
#   unit: deg
#   description: Inclination
# -
#   name: Vm
#   datatype: int64
#   unit: km / s
#   description: Amplitude of rotational velocity (2)
# -
#   name: AB_int
#   datatype: float64
#   unit: mag
#   description: Internal B band extinction (3)
# -
#   name: SBB
#   datatype: float64
#   unit: mag / arcsec2
#   description: Average B band surface brightness (5)
# -
#   name: logKLum
#   datatype: float64
#   description: Log K_S_ band luminosity (6)
# -
#   name: logM26
#   datatype: float64
#   description: Log mass within Holmberg radius (7)
# -
#   name: l_logMHI
#   datatype: string
#   description: Limit flag on logMHI
# -
#   name: logMHI
#   datatype: float64
#   description: Log hydrogen mass (8)
# -
#   name: VLG
#   datatype: int64
#   unit: km / s
#   description: Radial velocity (9)
# -
#   name: Theta1
#   datatype: float64
#   description: Tidal index (10)
# -
#   name: MD
#   datatype: string
#   description: Main disturber name (11)
# -
#   name: Theta5
#   datatype: float64
#   description: Another tidal index (12)
# -
#   name: Thetaj
#   datatype: float64
#   description: Log K band luminosity density (13)
# -
#   name: l_mag_B
#   datatype: string
#   description: Limit flag on mag
# -
#   name: mag_B
#   datatype: float64
#   unit: mag
#   description: Apparent magnitude in Filter (1)
# -
#   name: e_mag_B
#   datatype: float64
#   unit: mag
#   description: Error in mag (2)
# -
#   name: l_mag_FUV
#   datatype: string
#   description: Limit flag on mag
# -
#   name: mag_FUV
#   datatype: float64
#   unit: mag
#   description: Apparent magnitude in Filter (1)
# -
#   name: e_mag_FUV
#   datatype: float64
#   unit: mag
#   description: Error in mag (2)
# -
#   name: l_mag_HI
#   datatype: string
[...]
# -
#   name: M26
#   datatype: float64
#   unit: solMass
#   description: Linear mass within Holmberg radius
# -
#   name: MHI
#   datatype: float64
#   unit: solMass
#   description: Linear hydrogen mass
# -
#   name: SFRHa
#   datatype: float64
#   unit: solMass / yr
#   description: 'Linear Star Formation Rate (H?)'
# -
#   name: SFRFUV
#   datatype: float64
#   unit: solMass / yr
#   description: Linear Star Formation Rate (FUV)
# -
#   name: SFR_UNGC
#   datatype: float64
#   unit: solMass / yr
#   description: 'Average Star Formation Rate, from the Ha and FUV'
# -
#   name: logSFR_UNGC
#   datatype: float64
#   description: 'Log Average Star Formation Rate, from the Ha and FUV'
# -
#   name: SFR_UNGC_Gyr
#   datatype: float64
#   unit: solMass / Gyr
#   description: 'Average Star Formation Rate, from the Ha and FUV, in Gyr'
# -
#   name: logSFR_UNGC_Gyr
#   datatype: float64
#   description: 'Log Average Star Formation Rate, from the Ha and FUV, in Gyr'
# -
#   name: StellarMass
#   datatype: float64
#   unit: solMass
#   description: Stellar Mass (M*/K luminosity)
# -
#   name: logStellarMass
#   datatype: float64
#   description: Log Stellar Mass (M*/K luminosity)
Name Ra Dec a26_2 b/a AB Kmag f_Kmag W50 TType Tdw1 Tdw2 RVel Dis f_Dis A26_2a inc Vm AB_int SBB logKLum logM26 l_logMHI logMHI VLG Theta1 MD Theta5 Thetaj l_mag_B mag_B e_mag_B l_mag_FUV mag_FUV e_mag_FUV l_mag_HI mag_HI e_mag_HI l_mag_Ha mag_Ha e_mag_Ha cz e_cz e_W50 r_W50 DM e_DM BMag l_SFRHa logSFRHa l_PHa PHa l_FHa FHa l_SFRFUV logSFRFUV l_PFUV PFUV l_FFUV FFUV KLum M26 MHI SFRHa SFRFUV SFR_UNGC logSFR_UNGC SFR_UNGC_Gyr logSFR_UNGC_Gyr StellarMass logStellarMass
[from data line 150]
dw1049+15 162.30791666666667 15.972777777777777 0.36 0.77 0.1 16.4 * "" 10 Ir L "" 10.42 mem 1.1 45 "" 0.0 25.1 6.81 nan "" nan "" 0.7 NGC3377 0.9 1.9 "" 18.8 nan > 23.0 nan "" nan nan "" nan nan "" "" "" "" 30.09 nan -11.39 "" nan "" nan "" nan < -4.31 < -0.98 "" nan 6456542.290346549 nan nan nan 4.897788193684466E-5 4.897788193684466E-5 -4.31 48977.88193684466 4.69 3873925.3742079292 6.5881512503836435
DDO131 187.99416666666664 29.709722222222222 1.15 0.76 0.08 12.9 * 63 10 Ir N 643 7.35 mem 2.47 46 38 0.0 24.1 7.9 8.61 "" 7.98 622 0.5 NGC4631 0.6 1.41 "" 15.28 nan "" 16.5 0.2 "" 15.22 nan "" 18.63 0.02 643 10 "" 1999A&AS..135..255K 29.33 nan -14.13 "" -2.18 "" 0.05 "" 0.29 "" -2.03 "" 0.2 "" 0.14 7.943282347242822E7 4.073802778041122E8 9.549925860214369E7 0.006606934480075957 0.009332543007969915 0.007969738744022936 -2.098555914976395 7969738.744022935 6.901444085023605 4.7659694083456926E7 7.678151250383644
dw1050+1352 162.515 13.88888888888889 0.43 0.86 0.12 15.4 * "" -2 Sph L "" 10.4 mem 1.33 35 "" 0.0 26.4 7.17 nan "" nan "" 2.3 NGC3377 2.5 2.14 "" 19.65 nan "" nan nan "" nan nan "" nan nan "" "" "" "" 30.09 nan nan "" nan "" nan "" nan "" nan "" nan "" nan 1.4791083881682072E7 nan nan nan nan nan nan 0.0 nan 8874650.329009242 6.948151250383644
DDO133 188.2208333333333 31.539166666666667 3.55 0.69 0.07 11.1 * 57 9 Im L 331 4.88 TRGB 5.03 53 30 0.0 24.8 8.24 8.73 "" 8.25 320 0.4 NGC4395 0.5 1.39 "" 13.53 0.06 "" 14.85 0.06 "" 13.65 0.0 "" 17.26 -0.0 331 "" 2 2016ALFALFA.......A 28.44 0.05 -14.98 "" -1.99 "" -0.1 "" 0.37 "" -1.73 "" 0.16 "" 0.11 1.7378008287493762E8 5.370317963702532E8 1.7782794100389227E8 0.010232929922807542 0.018620871366628676 0.014426900644718108 -1.840826959098556 1.4426900644718107E7 7.159173040901444 1.0426804972496258E8 8.018151250383644
dw1050+1353 162.58499999999998 13.89611111111111 0.48 0.8 0.11 15.0 * "" -2 Sph L "" 10.4 mem 1.48 43 "" 0.0 26.2 7.36 nan "" nan "" 2.2 NGC3377 2.4 2.14 "" 19.18 nan "" nan nan "" nan nan "" nan nan "" "" "" "" 30.09 nan nan "" nan "" nan "" nan "" nan "" nan "" nan 2.290867652767775E7 nan nan nan nan nan nan 0.0 nan 1.3745205916606648E7 7.138151250383644
dw1051+11 162.76249999999996 11.020277777777778 0.62 0.75 0.1 13.9 * "" -2 Sph L "" 10.42 mem 1.91 49 "" 0.0 25.6 7.79 nan "" nan "" 1.7 NGC3368 1.9 2.1 "" 18.1 nan > 23.0 nan "" nan nan "" nan nan "" "" "" "" 30.09 nan -12.09 "" nan "" nan "" nan < -4.31 < -1.96 "" nan 6.165950018614822E7 nan nan nan 4.897788193684466E-5 4.897788193684466E-5 -4.31 48977.88193684466 4.69 3.699570011168893E7 7.568151250383644
dw1055+11 163.92916666666662 11.968055555555555 0.55 0.95 0.07 13.7 * "" -2 Sph L "" 10.42 mem 1.7 21 "" 0.0 25.2 7.86 nan "" nan "" 1.1 NGC3368 1.4 2.18 "" 17.9 nan > 23.0 nan "" nan nan "" nan nan "" "" "" "" 30.09 nan -12.26 "" nan "" nan "" nan < -4.33 < -2.05 "" nan 7.244359600749905E7 nan nan nan 4.677351412871981E-5 4.677351412871981E-5 -4.33 46773.514128719806 4.67 4.346615760449943E7 7.638151250383644
dw1059+11 164.96291666666662 11.427222222222222 0.36 0.8 0.07 16.8 * "" 10 Ir L "" 10.42 mem 1.1 41 "" 0.0 25.6 6.63 nan "" nan "" 0.6 NGC3368 0.8 2.16 "" 19.2 nan > 23.0 nan "" nan nan "" nan nan "" "" "" "" 30.09 nan -10.96 "" nan "" nan "" nan < -4.33 < -0.83 "" nan 4265795.188015926 nan nan nan 4.677351412871981E-5 4.677351412871981E-5 -4.33 46773.514128719806 4.67 2559477.112809555 6.408151250383644
dw1101+11 165.3408333333333 11.753333333333334 0.34 0.8 0.06 17.3 * "" 10 Ir L "" 10.42 mem 1.04 41 "" 0.0 25.9 6.43 nan "" nan "" 0.4 NGC3368 0.8 2.16 "" 19.7 nan > 23.0 nan "" nan nan "" nan nan "" "" "" "" 30.09 nan -10.45 "" nan "" nan "" nan < -4.33 < -0.63 "" nan 2691534.803926914 nan nan nan 4.677351412871981E-5 4.677351412871981E-5 -4.33 46773.514128719806 4.67 1614920.8823561484 6.208151250383644
dw1109-0016 167.32791666666665 -0.27694444444444444 0.35 0.9 0.16 15.0 * "" -2 Sph L "" 9.91 SBF 1.05 30 "" 0.0 25.5 7.31 nan "" nan "" 0.4 NGC3521 0.4 1.84 "" 19.26 nan "" nan nan "" nan nan "" nan nan "" "" "" "" 29.98 nan nan "" nan "" nan "" nan "" nan "" nan "" nan 2.0417379446695276E7 nan nan nan nan nan nan 0.0 nan 1.2250427668017166E7 7.0881512503836435
dw1116+5551 169.0320833333333 55.86194444444445 0.19 0.82 0.04 17.4 * "" -2 Sph L "" 9.9 mem 0.55 41 "" 0.0 26.5 6.34 nan "" nan "" 2.4 NGC3556 2.4 1.28 "" 21.54 nan "" nan nan "" nan nan "" nan nan "" "" "" "" 29.98 nan nan "" nan "" nan "" nan "" nan "" nan "" nan 2187761.623949552 nan nan nan nan nan nan 0.0 nan 1312656.974369731 6.118151250383644
dw1118+1233 169.67583333333332 12.561111111111112 0.69 0.63 0.09 13.3 * "" -2 Sph N "" 9.67 SBF 1.95 62 "" 0.0 25.2 7.97 nan "" nan "" 0.2 NGC3628 0.4 1.73 "" 17.48 nan "" nan nan "" nan nan "" nan nan "" "" "" "" 29.93 nan nan "" nan "" nan "" nan "" nan "" nan "" nan 9.332543007969905E7 nan nan nan nan nan nan 0.0 nan 5.599525804781943E7 7.748151250383644
dw1118+1348 169.72291666666666 13.805000000000001 0.49 0.93 0.08 15.1 * "" -2 Sph L "" 9.86 SBF 1.43 25 "" 0.0 26.3 7.28 nan "" nan "" 0.5 NGC3628 0.7 1.84 "" 19.23 nan "" nan nan "" nan nan "" nan nan "" "" "" "" 29.97 nan nan "" nan "" nan "" nan "" nan "" nan "" nan 1.905460717963248E7 nan nan nan nan nan nan 0.0 nan 1.143276430777949E7 7.058151250383644
dw1121+1326 170.40416666666664 13.446944444444444 0.29 0.68 0.09 15.7 * "" -2 Sph L "" 8.69 SBF 0.74 56 "" 0.0 25.7 6.93 nan "" nan "" -0.8 NGC3628 -0.3 -0.27 "" 19.85 nan "" nan nan "" nan nan "" nan nan "" "" "" "" 29.7 nan nan "" nan "" nan "" nan "" nan "" nan "" nan 8511380.38202376 nan nan nan nan nan nan 0.0 nan 5106828.229214256 6.708151250383644
dw1122+5515 170.74208333333334 55.261944444444445 0.17 0.78 0.04 16.1 * "" -2 Sph L "" 9.9 mem 0.49 45 "" 0.0 25.0 6.86 nan "" nan "" 1.2 NGC3556 1.2 1.32 "" 20.24 nan "" nan nan "" nan nan "" nan nan "" "" "" "" 29.98 nan nan "" nan "" nan "" nan "" nan "" nan "" nan 7244359.600749906 nan nan nan nan nan nan 0.0 nan 4346615.760449943 6.638151250383644
dw1232+0015 188.1508333333333 0.2619444444444444 0.21 0.88 0.8 13.1 * "" -1 dE N 1192 9.56 SBF 0.69 32 "" 0.0 22.7 8.07 nan "" nan 1036 -0.5 NGC4457 0.1 1.24 "" 17.92 nan "" 25.5 0.84 "" nan nan "" nan nan 1192 "" "" "" 29.9 nan -12.78 "" nan "" nan "" nan "" -4.84 "" -2.77 "" nan 1.1748975549395303E8 nan nan nan 1.445439770745928E-5 1.445439770745928E-5 -4.84 14454.397707459279 4.16 7.049385329637182E7 7.848151250383644
dw1234-1142 188.70416666666662 -11.706944444444444 0.54 0.84 0.19 15.1 * "" 10 Tr L "" 9.55 mem 1.55 37 "" 0.0 24.8 7.25 nan "" nan "" nan "" nan nan "" 17.6 nan "" 20.5 nan "" nan nan "" nan nan "" "" "" "" 29.9 nan -12.49 "" nan "" nan "" nan "" -3.31 "" -0.42 "" nan 1.7782794100389227E7 nan nan nan 4.897788193684461E-4 4.897788193684461E-4 -3.31 489778.819368446 5.6899999999999995 1.0669676460233536E7 7.028151250383644
dw1234-1238 188.70416666666662 -12.639999999999999 0.56 0.81 0.25 15.0 * "" -2 Sph L "" 9.55 mem 1.64 42 "" 0.0 26.5 7.3 nan "" nan "" nan "" nan nan "" 19.28 nan "" nan nan "" nan nan "" nan nan "" "" "" "" 29.9 nan nan "" nan "" nan "" nan "" nan "" nan "" nan 1.9952623149688788E7 nan nan nan nan nan nan 0.0 nan 1.1971573889813272E7 7.078151250383644
dw1235-1155 188.96666666666667 -11.931111111111111 0.33 0.9 0.21 13.7 * "" -2 Sph L "" 9.55 mem 0.97 30 "" 0.0 24.1 7.82 nan "" nan "" nan "" nan nan "" 17.95 nan "" nan nan "" nan nan "" nan nan "" "" "" "" 29.9 nan nan "" nan "" nan "" nan "" nan "" nan "" nan 6.606934480075964E7 nan nan nan nan nan nan 0.0 nan 3.9641606880455784E7 7.598151250383644
dw1235-1216 188.92916666666665 -12.273055555555556 0.66 0.42 0.24 15.6 * "" 10 Irr N "" 9.55 mem 1.87 87 "" 0.0 25.7 7.04 nan "" nan "" nan "" nan nan "" 18.16 nan "" 20.74 nan "" nan nan "" nan nan "" "" "" "" 29.9 nan -11.98 "" nan "" nan "" nan "" -3.37 "" -0.28 "" nan 1.0964781961431852E7 nan nan nan 4.2657951880159257E-4 4.2657951880159257E-4 -3.37 426579.5188015925 5.63 6578869.176859111 6.818151250383644
dw1236-0025 189.17499999999998 -0.4311111111111111 0.26 0.68 0.08 16.6 * "" 10 Irr L "" 9.38 SBF 0.71 54 "" 0.0 24.6 6.64 nan "" nan "" -0.3 NGC4592 0.1 0.89 "" 18.98 nan "" 21.06 nan "" nan nan "" nan nan "" "" "" "" 29.86 nan -10.96 "" nan "" nan "" nan "" -3.64 "" -0.14 "" nan 4365158.322401657 nan nan nan 2.2908676527677723E-4 2.2908676527677723E-4 -3.64 229086.7652767772 5.359999999999999 2619094.993440994 6.4181512503836435
dw1237-1006 189.29166666666666 -10.116111111111111 0.76 0.43 0.11 14.1 * "" -2 Sph L "" 9.55 mem 2.1 90 "" 0.0 26.2 7.62 nan "" nan "" nan "" nan nan "" 18.33 nan "" nan nan "" nan nan "" nan nan "" "" "" "" 29.9 nan nan "" nan "" nan "" nan "" nan "" nan "" nan 4.168693834703355E7 nan nan nan nan nan nan 0.0 nan 2.5012163008220132E7 7.398151250383644
DDO215 339.7866666666666 -4.760277777777778 1.75 0.34 0.19 12.4 * 56 9 Im N 830 8.6 TF 4.37 90 24 0.0 24.6 8.21 8.45 "" 8.18 1017 -2.3 NGC0253 -2.0 nan "" 14.97 nan "" 17.02 nan "" 15.06 0.26 "" nan nan 830 4 "" 2004AJ....128...16K 29.67 nan -14.89 "" nan "" nan "" nan "" -2.01 "" -0.08 "" 0.32 1.621810097358933E8 2.8183829312644494E8 1.5135612484362072E8 nan 0.009772372209558112 0.009772372209558112 -2.01 9772372.20955811 6.99 9.730860584153599E7 7.988151250383645
dw1237-1125 189.29833333333332 -11.433055555555555 0.3 1.0 0.16 14.5 * "" -2 dE L "" 7.51 SBF 0.68 0 "" 0.0 24.7 7.25 nan "" nan "" -0.6 NGC4594 -0.4 -0.38 "" 18.78 nan > 23.0 nan "" nan nan "" nan nan "" "" "" "" 29.38 nan -10.75 "" nan "" nan "" nan < -4.55 < -1.67 "" nan 1.7782794100389227E7 nan nan nan 2.818382931264455E-5 2.818382931264455E-5 -4.55 28183.829312644546 4.45 1.0669676460233536E7 7.028151250383644
dw1238+0028 189.55916666666664 0.47694444444444445 0.41 0.67 0.06 15.9 * "" -2 Sph L "" 9.21 SBF 1.1 57 "" 0.0 26.7 6.87 nan "" nan "" 0.2 NGC4592 0.4 1.26 "" 20.09 nan "" nan nan "" nan nan "" nan nan "" "" "" "" 29.82 nan nan "" nan "" nan "" nan "" nan "" nan "" nan 7413102.413009177 nan nan nan nan nan nan 0.0 nan 4447861.447805506 6.648151250383644
dw1238-0035 189.70499999999998 -0.5980555555555556 0.21 0.78 0.07 15.4 * "" -2 Sph L "" 9.2 SBF 0.57 45 "" 0.0 24.8 7.08 nan "" nan "" 0.9 NGC4592 1.0 1.26 "" 19.57 nan "" nan nan "" nan nan "" nan nan "" "" "" "" 29.82 nan nan "" nan "" nan "" nan "" nan "" nan "" nan 1.202264434617413E7 nan nan nan nan nan nan 0.0 nan 7213586.607704478 6.858151250383644
DoI 17.918333333333333 34.600833333333334 0.69 0.68 0.23 14.7 * "" -2 Sph L "" 3.31 TRGB 0.69 56 "" 0.0 26.7 6.48 nan "" nan "" -0.3 NGC0404 -0.2 0.0 "" 19.0 nan > 23.0 nan "" nan nan "" nan nan "" "" "" "" 27.6 0.2 -8.83 "" nan "" nan "" nan < -5.21 < -1.56 "" nan 3019951.720402019 nan nan nan 6.165950018614822E-6 6.165950018614822E-6 -5.21 6165.950018614822 3.79 1811971.0322412115 6.258151250383644
dw1238-0105 189.70916666666665 -1.0869444444444443 0.2 0.6 0.09 16.6 * "" -2 Sph L "" 7.27 SBF 0.42 65 "" 0.0 25.8 6.4 nan "" nan "" -0.8 NGC4517 -0.5 0.01 "" 20.78 nan "" nan nan "" nan nan "" nan nan "" "" "" "" 29.31 nan nan "" nan "" nan "" nan "" nan "" nan "" nan 2511886.4315095823 nan nan nan nan nan nan 0.0 nan 1507131.8589057494 6.178151250383644
DoII 11.78 -23.95583333333333 0.21 0.61 0.07 17.1 * "" -1 Sph L "" 3.47 TRGB 0.21 61 "" 0.0 26.5 5.54 nan "" nan "" 1.8 NGC0253 1.9 1.76 "" 21.3 nan > 23.0 nan "" nan nan "" nan nan "" "" "" "" 27.7 0.14 -6.47 "" nan "" nan "" nan < -5.29 < -0.69 "" nan 346736.85045253165 nan nan nan 5.128613839913648E-6 5.128613839913648E-6 -5.29 5128.613839913647 3.71 208042.110271519 5.318151250383644
dw1238-1043 189.67499999999998 -10.725 0.23 0.58 0.12 17.8 * "" -2 Sph L "" 9.55 mem 0.65 68 "" 0.0 27.3 6.17 nan "" nan "" nan "" nan nan "" 21.97 nan "" nan nan "" nan nan "" nan nan "" "" "" "" 29.9 nan nan "" nan "" nan "" nan "" nan "" nan "" nan 1479108.3881682071 nan nan nan nan nan nan 0.0 nan 887465.0329009242 5.948151250383644
DoIII 17.352499999999996 -27.34722222222222 0.32 0.59 0.05 15.3 * "" -1 Sph L "" 3.37 TRGB 0.31 63 "" 0.0 25.5 6.27 nan "" nan "" 1.4 NGC0253 1.4 1.74 "" 19.4 nan > 23.0 nan "" nan nan "" nan nan "" "" "" "" 27.64 0.11 -8.29 "" nan "" nan "" nan < -5.33 < -1.46 "" nan 1862087.1366628655 nan nan nan 4.677351412871981E-6 4.677351412871981E-6 -5.33 4677.351412871981 3.67 1117252.2819977193 6.048151250383643
dw1238-1122 189.64166666666662 -11.368055555555555 0.28 0.66 0.14 17.0 * "" 10 Irr L "" 9.55 mem 0.79 56 "" 0.0 25.3 6.47 nan "" nan "" nan "" nan nan "" 19.5 nan "" 20.81 nan "" nan nan "" nan nan "" "" "" "" 29.9 nan -10.54 "" nan "" nan "" nan "" -3.48 "" 0.19 "" nan 2951209.226666384 nan nan nan 3.311311214825911E-4 3.311311214825911E-4 -3.48 331131.1214825911 5.52 1770725.5359998303 6.248151250383644
DoIV 11.7625 -21.68111111111111 0.33 0.6 0.06 16.4 * "" -1 Sph L "" 3.94 TRGB 0.38 62 "" 0.0 26.8 5.93 nan "" nan "" 2.2 NGC0247 2.4 1.76 "" 20.6 nan "" nan nan "" nan nan "" nan nan "" "" "" "" 27.98 0.33 nan "" nan "" nan "" nan "" nan "" nan "" nan 851138.0382023759 nan nan nan nan nan nan 0.0 nan 510682.8229214255 5.708151250383644
dw1239+3230 189.77083333333331 32.505 0.14 0.7 0.05 16.2 * "" 10 Irr N "" 7.32 SBF 0.3 52 "" 0.0 22.9 6.56 nan "" nan "" 2.7 NGC4631 2.8 1.39 "" 18.6 nan "" 21.3 nan "" nan nan "" nan nan "" "" "" "" 29.32 nan -10.78 "" nan "" nan "" nan "" -3.97 "" -0.4 "" nan 3630780.54770101 nan nan nan 1.0715193052376059E-4 1.0715193052376059E-4 -3.97 107151.93052376057 5.029999999999999 2178468.328620606 6.3381512503836435
Draco 260.00583333333327 57.909444444444446 35.48 0.69 0.12 6.7 * 20 -3 Sph X -296 0.08 TRGB 0.84 59 3 0.0 27.2 6.45 5.92 < 2.12 -51 2.9 "Milky Way" 2.9 1.75 "" 10.9 nan > 23.0 nan > 20.04 nan "" nan nan -296 5 1 2017MNRAS.465.2420W 19.52 nan -8.74 "" nan "" nan "" nan < -8.52 < -4.83 > 0.77 2818382.931264455 831763.7711026708 131.82567385564073 nan 3.019951720402019E-9 3.019951720402019E-9 -8.52 3.0199517204020188 0.4800000000000003 1691029.758758673 6.228151250383644
dw1239+3251 189.83208333333332 32.861111111111114 0.25 0.86 0.06 16.5 * "" -2 Sph L "" 5.93 SBF 0.43 35 "" 0.0 26.2 6.27 nan "" nan "" -0.9 NGC4631 -0.5 -0.68 "" 20.63 nan "" nan nan "" nan nan "" nan nan "" "" "" "" 28.87 nan nan "" nan "" nan "" nan "" nan "" nan "" nan 1862087.1366628655 nan nan nan nan nan nan 0.0 nan 1117252.2819977193 6.048151250383643
Dw0010-0112 2.6099999999999994 -1.2049999999999998 0.58 0.61 0.11 18.1 * "" 10 Tr L "" 10.0 txt 1.69 61 "" 0.0 27.9 6.06 nan "" nan "" nan "" nan nan "" 20.58 nan > 23.5 nan "" nan nan "" nan nan "" "" "" "" 30.0 nan -9.53 "" nan "" nan "" nan < -4.54 < -0.47 "" nan 1148153.6214968818 nan nan nan 2.8840315031266056E-5 2.8840315031266056E-5 -4.54 28840.315031266055 4.46 688892.1728981291 5.8381512503836435
dw1239-1026 189.96249999999998 -10.438055555555556 0.36 0.57 0.13 18.0 * "" 10 Irr L "" 9.55 mem 1.01 65 "" 0.0 26.8 6.08 nan "" nan "" nan "" nan nan "" 20.47 nan "" nan nan "" nan nan "" nan nan "" "" "" "" 29.9 nan nan "" nan "" nan "" nan "" nan "" nan "" nan 1202264.4346174132 nan nan nan nan nan nan 0.0 nan 721358.6607704479 5.858151250383644
Dw0149+3237 27.46208333333333 32.62833333333333 0.4 0.95 0.16 17.3 * "" -2 Sph L "" 5.3 mem 0.64 21 "" 0.0 28.1 5.87 nan "" nan "" 2.2 UGC01281 2.2 -0.31 "" 21.5 nan "" nan nan "" nan nan "" nan nan "" "" "" "" 28.62 nan nan "" nan "" nan "" nan "" nan "" nan "" nan 741310.2413009177 nan nan nan nan nan nan 0.0 nan 444786.1447805506 5.648151250383644
dw1239-1154 189.84166666666664 -11.906944444444445 0.28 0.95 0.17 17.5 * "" -2 Sph L "" 9.55 mem 0.81 21 "" 0.0 27.5 6.29 nan "" nan "" nan "" nan nan "" 21.72 nan "" nan nan "" nan nan "" nan nan "" "" "" "" 29.9 nan nan "" nan "" nan "" nan "" nan "" nan "" nan 1949844.5997580455 nan nan nan nan nan nan 0.0 nan 1169906.7598548273 6.068151250383644
