tables/LVG_not_HEC_join.ecsv
# %ECSV 1.0
# ---
# datatype:
# -
#   name: Name
#   datatype: string
#   description: Galaxy name
# -
#   name: Ra
#   datatype: float64
#   unit: deg
#   description: Right Ascension
# -
#   name: Dec
#   datatype: float64
#   unit: deg
#   description: Declination
# -
#   name: a26_2
#   datatype: float64
#   unit: arcmin
#   description: Major angular diameter (1)
# -
#   name: b/a
#   datatype: float64
#   description: Apparent axial ratio (1)
# -
#   name: AB
#   datatype: float64
#   unit: mag
#   description: Galactic extinction in B band (2)
# -
#   name: Kmag
#   datatype: float64
#   unit: mag
#   description: 2MASS K_S_ band magnitude (6)
# -
#   name: f_Kmag
#   datatype: string
#   description: '[*] Flag on Kmag (7)'
# -
#   name: W50
#   datatype: int64
#   unit: km / s
#   description: H I line with at 50% level from maximum (9)
# -
#   name: TType
#   datatype: int64
#   description: Morphology type code (10)
# -
#   name: Tdw1
#   datatype: string
#   description: Dwarf galaxy morphology (11)
# -
#   name: Tdw2
#   datatype: string
#   description: Dwarf galaxy surface brightness morphology (12)
# -
#   name: RVel
#   datatype: int64
#   unit: km / s
#   description: Heliocentric radial velocity (13)
# -
#   name: Dis
#   datatype: float64
#   unit: Mpc
#   description: Distance
# -
#   name: f_Dis
#   datatype: string
#   description: Method flag used to obtain Dis (14)
# -
#   name: A26_2a
#   datatype: float64
#   unit: kpc
#   description: Major linear diameter (1)
# -
#   name: inc
#   datatype: int64
#   unit: deg
#   description: Inclination
# -
#   name: Vm
#   datatype: int64
#   unit: km / s
#   description: Amplitude of rotational velocity (2)
# -
#   name: AB_int
#   datatype: float64
#   unit: mag
#   description: Internal B band extinction (3)
# -
#   name: SBB
#   datatype: float64
#   unit: mag / arcsec2
#   description: Average B band surface brightness (5)
# -
#   name: logKLum
#   datatype: float64
#   description: Log K_S_ band luminosity (6)
# -
#   name: logM26
#   datatype: float64
#   description: Log mass within Holmberg radius (7)
# -
#   name: l_logMHI
#   datatype: string
#   description: Limit flag on logMHI
# -
#   name: logMHI
#   datatype: float64
#   description: Log hydrogen mass (8)
# -
#   name: VLG
#   datatype: int64
#   unit: km / s
#   description: Radial velocity (9)
# -
#   name: Theta1
#   datatype: float64
#   description: Tidal index (10)
# -
#   name: MD
#   datatype: string
#   description: Main disturber name (11)
# -
#   name: Theta5
#   datatype: float64
#   description: Another tidal index (12)
# -
#   name: Thetaj
#   datatype: float64
#   description: Log K band luminosity density (13)
# -
#   name: l_mag_B
#   datatype: string
#   description: Limit flag on mag
# -
#   name: mag_B
#   datatype: float64
#   unit: mag
#   description: Apparent magnitude in Filter (1)
# -
#   name: e_mag_B
#   datatype: float64
#   unit: mag
#   description: Error in mag (2)
# -
#   name: l_mag_FUV
#   datatype: string
#   description: Limit flag on mag
# -
#   name: mag_FUV
#   datatype: float64
#   unit: mag
#   description: Apparent magnitude in Filter (1)
# -
#   name: e_mag_FUV
#   datatype: float64
#   unit: mag
#   description: Error in mag (2)
# -
#   name: l_mag_HI
#   datatype: string
[...]
# -
#   name: M26
#   datatype: float64
#   unit: solMass
#   description: Linear mass within Holmberg radius
# -
#   name: MHI
#   datatype: float64
#   unit: solMass
#   description: Linear hydrogen mass
# -
#   name: SFRHa
#   datatype: float64
#   unit: solMass / yr
#   description: 'Linear Star Formation Rate (H?)'
# -
#   name: SFRFUV
#   datatype: float64
#   unit: solMass / yr
#   description: Linear Star Formation Rate (FUV)
# -
#   name: SFR_UNGC
#   datatype: float64
#   unit: solMass / yr
#   description: 'Average Star Formation Rate, from the Ha and FUV'
# -
#   name: logSFR_UNGC
#   datatype: float64
#   description: 'Log Average Star Formation Rate, from the Ha and FUV'
# -
#   name: SFR_UNGC_Gyr
#   datatype: float64
#   unit: solMass / Gyr
#   description: 'Average Star Formation Rate, from the Ha and FUV, in Gyr'
# -
#   name: logSFR_UNGC_Gyr
#   datatype: float64
#   description: 'Log Average Star Formation Rate, from the Ha and FUV, in Gyr'
# -
#   name: StellarMass
#   datatype: float64
#   unit: solMass
#   description: Stellar Mass (M*/K luminosity)
# -
#   name: logStellarMass
#   datatype: float64
#   description: Log Stellar Mass (M*/K luminosity)
Name Ra Dec a26_2 b/a AB Kmag f_Kmag W50 TType Tdw1 Tdw2 RVel Dis f_Dis A26_2a inc Vm AB_int SBB logKLum logM26 l_logMHI logMHI VLG Theta1 MD Theta5 Thetaj l_mag_B mag_B e_mag_B l_mag_FUV mag_FUV e_mag_FUV l_mag_HI mag_HI e_mag_HI l_mag_Ha mag_Ha e_mag_Ha cz e_cz e_W50 r_W50 DM e_DM BMag l_SFRHa logSFRHa l_PHa PHa l_FHa FHa l_SFRFUV logSFRFUV l_PFUV PFUV l_FFUV FFUV KLum M26 MHI SFRHa SFRFUV SFR_UNGC logSFR_UNGC SFR_UNGC_Gyr logSFR_UNGC_Gyr StellarMass logStellarMass
[from data line 273]
dw1312-4244 198.04541666666663 -42.745555555555555 0.25 0.54 0.36 16.1 * "" -2 Sph L "" 3.7 mem 0.29 73 "" 0.0 25.9 6.03 nan "" nan "" 2.3 NGC5128 2.4 1.88 "" 20.5 nan > 23.0 nan "" nan nan "" nan nan "" "" "" "" 27.84 nan -7.7 "" nan "" nan "" nan < -5.0 < -0.9 "" nan 1071519.305237607 nan nan nan 1.0E-5 1.0E-5 -5.0 10000.0 4.0 642911.5831425643 5.808151250383644
Dw1237+3304 189.25916666666666 33.08305555555556 0.5 0.6 0.06 13.3 * "" -2 Sph N "" 10.9 SBF 1.58 65 "" 0.0 24.6 8.05 nan "" nan "" -0.7 NGC4414 -0.3 -0.18 "" 17.5 nan "" 23.7 nan "" nan nan "" nan nan "" "" "" "" 30.19 nan -12.75 "" nan "" nan "" nan "" -4.58 "" -2.5 "" nan 1.1220184543019652E8 nan nan nan 2.6302679918953814E-5 2.6302679918953814E-5 -4.58 26302.67991895381 4.42 6.732110725811791E7 7.828151250383645
dw1313+46 198.25833333333333 46.602222222222224 0.26 0.83 0.04 15.4 * "" 10 Ir L "" 8.4 mem 0.64 38 "" 0.0 23.5 6.98 nan "" nan "" 1.1 NGC5194 1.2 2.11 "" 17.83 nan "" 19.26 nan "" nan nan "" nan nan "" "" "" "" 29.62 nan -11.83 "" nan "" nan "" nan "" -3.05 "" 0.1 "" nan 9549925.86021437 nan nan nan 8.912509381337459E-4 8.912509381337459E-4 -3.05 891250.9381337458 5.95 5729955.516128621 6.758151250383644
Dw1239+2827 189.8058333333333 28.453888888888887 0.55 0.59 0.06 14.5 * "" -2 Sph L "" 8.9 mem 1.42 67 "" 0.0 26.0 7.4 nan "" nan "" 1.8 NGC4559 1.8 1.23 "" 18.7 nan "" nan nan "" nan nan "" nan nan "" "" "" "" 29.75 nan nan "" nan "" nan "" nan "" nan "" nan "" nan 2.5118864315095823E7 nan nan nan nan nan nan 0.0 nan 1.5071318589057494E7 7.178151250383644
dw1313-4211 198.39291666666665 -42.18555555555555 0.4 0.85 0.36 14.3 * "" -2 Sph L "" 3.7 mem 0.47 37 "" 0.0 25.2 6.75 nan "" nan "" 3.1 dw1313-4214 3.2 1.88 "" 18.7 nan "" nan nan "" nan nan "" nan nan "" "" "" "" 27.84 nan nan "" nan "" nan "" nan "" nan "" nan "" nan 5623413.251903491 nan nan nan nan nan nan 0.0 nan 3374047.9511420946 6.528151250383644
Dw1240+3037 190.1658333333333 30.631944444444446 0.4 0.83 0.05 16.0 * "" -2 Sph L "" 7.35 mem 0.86 39 "" 0.0 26.7 6.67 nan "" nan "" 1.3 NGC4631 1.4 1.39 "" 20.1 nan "" nan nan "" nan nan "" nan nan "" "" "" "" 29.33 nan nan "" nan "" nan "" nan "" nan "" nan "" nan 4677351.412871981 nan nan nan nan nan nan 0.0 nan 2806410.8477231883 6.448151250383644
dw1313-4214 198.40166666666664 -42.23555555555556 0.32 0.58 0.36 14.6 * "" -2 Sph L "" 3.7 mem 0.37 68 "" 0.0 25.0 6.63 nan "" nan "" 3.3 dw1313-4211 3.3 1.88 "" 19.0 nan > 23.0 nan "" nan nan "" nan nan "" "" "" "" 27.84 nan -9.2 "" nan "" nan "" nan < -5.01 < -1.5 "" nan 4265795.188015926 nan nan nan 9.772372209558111E-6 9.772372209558111E-6 -5.01 9772.37220955811 3.99 2559477.112809555 6.408151250383644
Dw1241+4103 190.25416666666663 41.05305555555555 0.33 0.76 0.07 16.7 * "" 10 Tr L "" 7.7 mem 0.74 46 "" 0.0 25.3 6.41 nan "" nan "" 2.6 NGC4618 2.6 1.71 "" 19.1 nan "" 23.8 nan "" nan nan "" nan nan "" "" "" "" 29.43 nan -10.41 "" nan "" nan "" nan "" -4.91 "" -1.19 "" nan 2570395.7827688647 nan nan nan 1.230268770812381E-5 1.230268770812381E-5 -4.91 12302.687708123809 4.09 1542237.4696613187 6.188151250383644
dw1313-4246 198.17874999999995 -42.780833333333334 0.18 0.72 0.34 16.2 * "" -2 Sph L "" 3.7 mem 0.21 52 "" 0.0 25.3 5.98 nan "" nan "" 2.4 NGC5128 2.5 1.88 "" 20.6 nan > 23.0 nan "" nan nan "" nan nan "" "" "" "" 27.84 nan -7.58 "" nan "" nan "" nan < -5.02 < -0.87 "" nan 954992.5860214368 nan nan nan 9.549925860214369E-6 9.549925860214369E-6 -5.02 9549.925860214367 3.9800000000000004 572995.551612862 5.758151250383644
Dw1241-0427 190.34291666666664 -4.4638888888888895 0.83 0.9 0.1 15.5 * "" -2 Sph L "" 10.1 mem 2.49 30 "" 0.0 27.9 7.12 nan "" nan "" 0.5 NGC4624 0.8 1.82 "" 19.7 nan "" nan nan "" nan nan "" nan nan "" "" "" "" 30.02 nan nan "" nan "" nan "" nan "" nan "" nan "" nan 1.3182567385564074E7 nan nan nan nan nan nan 0.0 nan 7909540.431338444 6.898151250383644
dw1314-28 198.5083333333333 -28.203333333333333 0.6 0.83 0.26 13.6 * "" -1 Tr L "" 4.9 mem 0.9 38 "" 0.0 25.3 7.25 nan < 6.91 "" 0.9 NGC5236 1.0 1.64 "" 17.97 nan > 23.0 nan > 17.0 nan "" nan nan "" "" "" "" 28.45 nan -10.74 "" nan "" nan "" nan < -4.84 < -1.95 > 1.88 1.7782794100389227E7 nan 8128305.161640995 nan 1.445439770745928E-5 1.445439770745928E-5 -4.84 14454.397707459279 4.16 1.0669676460233536E7 7.028151250383644
Dw1245+6158 191.45416666666662 61.96888888888889 0.81 0.49 0.05 16.0 * "" 10 Tr L "" 5.6 mem 1.3 74 "" 0.0 26.5 6.41 nan "" nan "" 1.8 NGC4605 1.8 0.47 "" 18.4 nan > 23.5 nan "" nan nan "" nan nan "" "" "" "" 28.74 nan -10.39 "" nan "" nan "" nan < -5.09 < -1.36 "" nan 2570395.7827688647 nan nan nan 8.128305161640995E-6 8.128305161640995E-6 -5.09 8128.305161640994 3.91 1542237.4696613187 6.188151250383644
dw1315+4123 198.8158333333333 41.39694444444444 0.25 0.75 0.06 16.9 * "" -2 Sph L "" 8.8 SBF 0.64 49 "" 0.0 26.7 6.43 nan "" nan "" 1.8 NGC5055 1.8 1.75 "" 21.09 nan "" nan nan "" nan nan "" nan nan "" "" "" "" 29.72 nan nan "" nan "" nan "" nan "" nan "" nan "" nan 2691534.803926914 nan nan nan nan nan nan 0.0 nan 1614920.8823561484 6.208151250383644
Dw1247-0824 191.85416666666666 -8.408055555555556 1.71 0.66 0.12 13.0 * 94 9 BCD N 1215 9.55 mem 4.8 56 49 0.05 25.2 8.08 9.13 "" nan 1036 1.0 NGC4594 1.0 2.08 "" 15.5 nan "" 17.8 nan "" nan nan "" nan nan 1215 "" "" 2022LVG.HIPASS....K 29.9 nan -14.57 "" nan "" nan "" nan "" -2.25 "" -0.19 "" nan 1.2022644346174131E8 1.348962882591656E9 nan nan 0.005623413251903491 0.005623413251903491 -2.25 5623413.25190349 6.75 7.213586607704479E7 7.858151250383644
dw1315-4232 198.76249999999996 -42.538333333333334 0.28 0.8 0.37 15.4 * "" -2 Sph L "" 3.7 mem 0.33 43 "" 0.0 25.5 6.32 nan "" nan "" 2.6 NGC5128 2.6 1.88 "" 19.8 nan > 23.0 nan "" nan nan "" nan nan "" "" "" "" 27.84 nan -8.41 "" nan "" nan "" nan < -5.0 < -1.18 "" nan 2089296.1308540408 nan nan nan 1.0E-5 1.0E-5 -5.0 10000.0 4.0 1253577.6785124245 6.098151250383644
Dw1248-0915 192.16 -9.25611111111111 0.76 0.77 0.15 13.2 * "" -2 Sph L "" 9.55 mem 2.17 46 "" 0.0 25.4 8.01 nan "" nan "" 1.2 NGC4594 1.2 2.08 "" 17.4 nan "" nan nan "" nan nan "" nan nan "" "" "" "" 29.9 nan nan "" nan "" nan "" nan "" nan "" nan "" nan 1.0232929922807537E8 nan nan nan nan nan nan 0.0 nan 6.139757953684522E7 7.788151250383644
dw1315-4309 198.89166666666665 -43.1575 0.2 0.9 0.52 16.8 * "" -2 Sph X "" 3.7 mem 0.25 30 "" 0.0 26.3 5.74 nan "" nan "" 2.7 NGC5128 2.7 1.88 "" 21.4 nan > 23.0 nan "" nan nan "" nan nan "" "" "" "" 27.84 nan -6.96 "" nan "" nan "" nan < -4.88 < -0.48 "" nan 549540.8738576248 nan nan nan 1.3182567385564074E-5 1.3182567385564074E-5 -4.88 13182.567385564073 4.12 329724.5243145749 5.518151250383644
Dw1252-0904 193.01416666666665 -9.073888888888888 0.34 0.7 0.16 17.0 * "" 10 Irr L "" 9.55 mem 0.96 52 "" 0.0 25.7 6.48 nan "" nan "" 0.9 NGC4594 0.9 2.08 "" 19.5 nan "" 22.3 nan "" nan nan "" nan nan "" "" "" "" 29.9 nan -10.56 "" nan "" nan "" nan "" -4.05 "" -0.39 "" nan 3019951.720402019 nan nan nan 8.912509381337459E-5 8.912509381337459E-5 -4.05 89125.09381337458 4.95 1811971.0322412115 6.258151250383644
dw1316-4224 199.17624999999998 -42.40138888888889 0.48 0.95 0.4 13.5 * "" -2 Sph L "" 3.7 mem 0.57 21 "" 0.0 24.9 7.05 nan "" nan "" 2.8 NGC5128 2.8 1.88 "" 18.0 nan > 23.0 nan "" nan nan "" nan nan "" "" "" "" 27.84 nan -10.24 "" nan "" nan "" nan < -4.97 < -1.88 "" nan 1.122018454301963E7 nan nan nan 1.071519305237607E-5 1.071519305237607E-5 -4.97 10715.19305237607 4.03 6732110.725811778 6.828151250383644
Dw1259-1735 194.91791666666663 -17.59611111111111 0.96 0.53 0.29 16.3 * "" 10 Irr L "" 6.03 mem 1.75 69 "" 0.0 27.2 6.37 nan "" nan "" nan "" nan nan "" 18.9 nan "" 23.0 nan "" nan nan "" nan nan "" "" "" "" 28.9 nan -10.29 "" nan "" nan "" nan "" -4.63 "" -0.86 "" nan 2344228.8153199228 nan nan nan 2.344228815319923E-5 2.344228815319923E-5 -4.63 23442.288153199224 4.37 1406537.2891919536 6.148151250383644
dw1318-21 199.51666666666665 -21.884999999999998 0.41 0.74 0.35 14.1 * "" -1 Sph L "" 4.9 mem 0.62 48 "" 0.0 25.0 7.06 nan < 6.91 "" 0.5 NGC5068 0.7 1.64 "" 18.53 nan > 23.0 nan > 17.0 nan "" nan nan "" "" "" "" 28.45 nan -10.27 "" nan "" nan "" nan < -4.77 < -1.69 > 1.81 1.1481536214968817E7 nan 8128305.161640995 nan 1.698243652461746E-5 1.698243652461746E-5 -4.77 16982.436524617457 4.23 6888921.72898129 6.8381512503836435
Dw1311+4051 197.92208333333332 40.863055555555555 0.37 0.61 0.07 16.7 * "" 10 Irr N "" 9.0 mem 0.96 61 "" 0.0 25.5 6.55 nan "" nan "" 2.0 NGC5055 2.0 1.75 "" 19.1 nan "" 19.8 nan "" nan nan "" nan nan "" "" "" "" 29.77 nan -10.74 "" nan "" nan "" nan "" -3.18 "" 0.41 "" nan 3548133.892335753 nan nan nan 6.606934480075957E-4 6.606934480075957E-4 -3.18 660693.4480075956 5.819999999999999 2128880.3354014517 6.328151250383644
dw1318-4233 199.5233333333333 -42.56027777777778 0.56 0.9 0.47 15.2 * "" -2 Sph X "" 3.7 mem 0.68 30 "" 0.0 26.9 6.4 nan "" nan "" 3.0 NGC5128 3.0 1.88 "" 19.7 nan > 23.0 nan "" nan nan "" nan nan "" "" "" "" 27.84 nan -8.61 "" nan "" nan "" nan < -4.92 < -1.18 "" nan 2511886.4315095823 nan nan nan 1.2022644346174132E-5 1.2022644346174132E-5 -4.92 12022.644346174131 4.08 1507131.8589057494 6.178151250383644
Dw1311+4317 197.93999999999997 43.285 0.75 0.84 0.07 15.0 * "" -2 Sph L "" 9.0 mem 1.98 38 "" 0.0 27.2 7.21 nan "" nan "" 1.9 NGC5055 1.9 2.03 "" 19.2 nan > 23.5 nan "" nan nan "" nan nan "" "" "" "" 29.77 nan -10.64 "" nan "" nan "" nan < -4.66 < -1.73 "" nan 1.62181009735893E7 nan nan nan 2.187761623949552E-5 2.187761623949552E-5 -4.66 21877.616239495517 4.34 9730860.58415358 6.988151250383644
dw1321+4226 200.3708333333333 42.433055555555555 0.24 0.63 0.06 16.4 * "" -2 Sph L "" 7.3 SBF 0.51 62 "" 0.0 26.0 6.5 nan "" nan "" 0.0 NGC5195 0.3 1.33 "" 20.51 nan "" nan nan "" nan nan "" nan nan "" "" "" "" 29.32 nan nan "" nan "" nan "" nan "" nan "" nan "" nan 3162277.6601683795 nan nan nan nan nan nan 0.0 nan 1897366.5961010277 6.278151250383644
Dw1315+4304 198.7520833333333 43.081944444444446 1.46 0.94 0.06 15.2 * "" -2 Sph L "" 9.0 mem 3.88 23 "" 0.0 28.8 7.13 nan "" nan "" 2.3 NGC5055 2.3 2.03 "" 19.4 nan "" nan nan "" nan nan "" nan nan "" "" "" "" 29.77 nan nan "" nan "" nan "" nan "" nan "" nan "" nan 1.3489628825916532E7 nan nan nan nan nan nan 0.0 nan 8093777.295549919 6.908151250383644
dw1321-27 200.2833333333333 -27.74888888888889 0.74 0.8 0.21 14.8 * "" -1 Sph X "" 4.9 mem 1.1 41 "" 0.0 26.9 6.79 nan < 6.91 "" 1.3 NGC5236 1.5 1.64 "" 19.06 nan > 23.0 nan > 17.0 nan "" nan nan "" "" "" "" 28.45 nan -9.6 "" nan "" nan "" nan < -4.88 < -1.54 > 1.92 6165950.018614822 nan 8128305.161640995 nan 1.3182567385564074E-5 1.3182567385564074E-5 -4.88 13182.567385564073 4.12 3699570.011168893 6.568151250383644
Dw1339+39 204.93791666666667 39.13583333333333 0.6 0.66 0.03 15.3 * "" 10 Irr L "" 10.0 txt 1.73 56 "" 0.0 25.2 7.19 nan "" nan "" nan "" nan nan "" 17.68 nan "" 18.65 nan "" nan nan "" nan nan "" "" "" "" 30.0 nan -12.35 "" nan "" nan "" nan "" -2.66 "" 0.28 "" nan 1.5488166189124828E7 nan nan nan 0.002187761623949552 0.002187761623949552 -2.66 2187761.623949552 6.34 9292899.713474896 6.968151250383644
dw1322-27 200.52499999999998 -27.579166666666666 0.61 0.87 0.22 13.8 * "" -1 Tr L "" 4.9 mem 0.91 33 "" 0.0 25.6 7.17 nan < 6.91 "" 1.3 NGC5236 1.4 1.64 "" 18.13 nan > 23.0 nan > 17.0 nan "" nan nan "" "" "" "" 28.45 nan -10.54 "" nan "" nan "" nan < -4.87 < -1.9 > 1.91 1.4791083881682072E7 nan 8128305.161640995 nan 1.3489628825916533E-5 1.3489628825916533E-5 -4.87 13489.628825916532 4.13 8874650.329009242 6.948151250383644
Dw1341+4204 205.49499999999998 42.068333333333335 0.42 0.77 0.03 17.7 * "" 10 Irr L "" 8.4 mem 1.02 45 "" 0.0 26.8 6.1 nan "" nan "" nan "" nan nan "" 20.04 0.08 > 23.5 nan "" nan nan "" nan nan "" "" "" "" 29.62 nan -9.61 "" nan "" nan "" nan < -4.75 < -0.71 "" nan 1258925.411794166 nan nan nan 1.778279410038923E-5 1.778279410038923E-5 -4.75 17782.794100389227 4.25 755355.2470764996 5.8781512503836435
dw1322-39 200.6333333333333 -39.90555555555555 0.69 0.76 0.29 15.4 * "" 10 Ir L 656 2.95 TRGB 0.62 46 "" 0.0 25.6 6.12 nan < 6.47 414 0.3 NGC5128 0.6 1.88 "" 17.97 nan > 23.0 nan > 17.0 nan "" nan nan 656 10 "" "" 27.35 0.04 -9.67 "" nan "" nan "" nan < -5.25 < -1.23 > 1.85 1318256.7385564074 nan 2951209.226666384 nan 5.623413251903491E-6 5.623413251903491E-6 -5.25 5623.41325190349 3.75 790954.0431338444 5.898151250383644
Dw1348+6004 207.02374999999998 60.066944444444445 0.83 0.75 0.04 17.5 * "" 10 Tr L "" 6.95 mem 1.67 47 "" 0.0 28.1 5.98 nan "" nan "" nan "" nan nan "" 19.92 0.08 "" nan nan "" nan nan "" nan nan "" "" "" "" 29.21 nan nan "" nan "" nan "" nan "" nan "" nan "" nan 954992.5860214368 nan nan nan nan nan nan 0.0 nan 572995.551612862 5.758151250383644
dw1323-40 201.2208333333333 -40.76138888888889 0.51 0.89 0.37 13.6 * "" -1 Sph L 450 3.73 TRGB 0.6 30 "" 0.0 25.1 7.01 nan < 6.67 207 2.4 NGC5128 2.4 1.88 "" 18.09 nan > 23.0 nan > 17.0 nan "" nan nan 450 14 "" "" 27.86 0.1 -10.14 "" nan "" nan "" nan < -4.99 < -1.86 > 1.79 1.0232929922807537E7 nan 4677351.412871981 nan 1.0232929922807536E-5 1.0232929922807536E-5 -4.99 10232.929922807536 4.01 6139757.953684522 6.788151250383644
Dw1351+5014 207.9958333333333 50.24805555555556 0.5 0.82 0.05 18.1 * "" 10 Irr L "" 6.95 mem 1.01 39 "" 0.0 27.6 5.75 nan "" nan "" nan "" nan nan "" 20.5 0.08 "" nan nan "" nan nan "" nan nan "" "" "" "" 29.21 nan nan "" nan "" nan "" nan "" nan "" nan "" nan 562341.3251903491 nan nan nan nan nan nan 0.0 nan 337404.79511420947 5.528151250383644
dw1323-40b 200.97916666666663 -40.83583333333333 0.57 0.77 0.4 14.0 * "" -1 Sph L 497 3.91 TRGB 0.7 45 "" 0.0 25.7 6.9 nan < 6.71 253 1.6 NGC5128 1.7 1.88 "" 18.48 nan > 23.0 nan > 17.0 nan "" nan nan 497 12 "" "" 27.96 0.38 -9.88 "" nan "" nan "" nan < -4.93 < -1.7 > 1.77 7943282.347242822 nan 5128613.839913649 nan 1.1748975549395302E-5 1.1748975549395302E-5 -4.93 11748.975549395302 4.07 4765969.408345693 6.678151250383644
Dw1358+5255 209.5308333333333 52.918055555555554 0.72 0.92 0.07 16.2 * "" -2 Sph L "" 6.95 mem 1.48 26 "" 0.0 28.2 6.52 nan "" nan "" nan "" nan nan "" 20.35 0.08 > 23.5 nan "" nan nan "" nan nan "" "" "" "" 29.21 nan -8.93 "" nan "" nan "" nan < -4.89 < -1.28 "" nan 3311311.2148259077 nan nan nan 1.2882495516931348E-5 1.2882495516931348E-5 -4.89 12882.495516931347 4.11 1986786.7288955445 6.298151250383643
dw1325-33 201.4208333333333 -33.00694444444444 0.62 0.5 0.22 14.8 * "" -1 Tr L "" 4.9 mem 0.9 73 "" 0.0 26.5 6.78 nan < 6.75 "" 1.3 NGC5236 1.3 1.61 "" 19.1 nan > 23.0 nan > 17.4 nan "" nan nan "" "" "" "" 28.45 nan -9.57 "" nan "" nan "" nan < -4.87 < -1.51 > 1.75 6025595.860743581 nan 5623413.251903491 nan 1.3489628825916533E-5 1.3489628825916533E-5 -4.87 13489.628825916532 4.13 3615357.5164461485 6.558151250383644
Dw1409+5113 212.30416666666665 51.225 1.7 0.58 0.08 16.6 * "" 10 Irr L "" 6.95 mem 3.42 64 "" 0.0 28.7 6.38 nan "" nan "" nan "" nan nan "" 18.97 0.08 "" nan nan "" nan nan "" nan nan "" "" "" "" 29.21 nan nan "" nan "" nan "" nan "" nan "" nan "" nan 2398832.91901949 nan nan nan nan nan nan 0.0 nan 1439299.7514116939 6.158151250383644
dw1326-35 201.6833333333333 -35.083333333333336 0.34 0.38 0.27 16.4 * "" 10 Ir L "" 4.9 mem 0.49 90 "" 0.0 25.1 6.14 nan < 6.75 "" 0.8 NGC5236 0.9 1.62 "" 19.0 nan > 23.0 nan > 17.4 nan "" nan nan "" "" "" "" 28.45 nan -9.72 "" nan "" nan "" nan < -4.83 < -0.83 > 1.71 1380384.2646028837 nan 5623413.251903491 nan 1.4791083881682072E-5 1.4791083881682072E-5 -4.83 14791.08388168207 4.17 828230.5587617302 5.9181512503836435
